1241	1094	217.0	+1
931	718	93.0	+1
990	343	34.0	+1
1858	825	834.0	-1
1981	1084	957.0	-1
598	808	426.0	+1
996	464	28.0	+1
595	990	429.0	+1
1278	138	254.0	+1
1225	233	201.0	+1
1152	1171	128.0	+1
331	922	693.0	+1
1970	522	946.0	-1
2043	1161	1019.0	-1
1491	552	467.0	+1
826	520	198.0	+1
158	116	866.0	-1
1614	388	590.0	+1
998	104	26.0	+1
1223	1173	199.0	+1
1995	173	971.0	-1
2035	703	1011.0	-1
466	773	558.0	+1
806	388	218.0	+1
1655	944	631.0	+1
1582	255	558.0	+1
1368	611	344.0	+1
1378	402	354.0	+1
1594	963	570.0	+1
581	135	443.0	+1
1628	507	604.0	+1
181	1199	843.0	-1
579	719	445.0	+1
1470	69	446.0	+1
1027	255	3.0	+1
1172	320	148.0	+1
1462	193	438.0	+1
1685	254	661.0	+1
389	871	635.0	+1
1849	798	825.0	-1
1740	321	716.0	+1
1913	594	889.0	-1
1883	389	859.0	-1
1008	30	16.0	+1
275	304	749.0	+1
417	38	607.0	+1
619	752	405.0	+1
304	1091	720.0	+1
556	1178	468.0	+1
937	887	87.0	+1
487	519	537.0	+1
1366	884	342.0	+1
926	1041	98.0	+1
1763	111	739.0	+1
1519	770	495.0	+1
1576	1092	552.0	+1
505	765	519.0	+1
768	299	256.0	+1
1217	536	193.0	+1
175	552	849.0	-1
1290	1033	266.0	+1
1627	1164	603.0	+1
517	224	507.0	+1
1189	788	165.0	+1
1835	467	811.0	-1
35	1123	989.0	-1
1028	255	4.0	+1
168	457	856.0	-1
444	1072	580.0	+1
159	588	865.0	-1
1245	333	221.0	+1
666	627	358.0	+1
893	586	131.0	+1
814	98	210.0	+1
646	659	378.0	+1
511	1177	513.0	+1
566	436	458.0	+1
1305	597	281.0	+1
1847	670	823.0	-1
232	1154	792.0	-1
1042	156	18.0	+1
1087	1050	63.0	+1
1296	514	272.0	+1
733	849	291.0	+1
1644	1030	620.0	+1
154	99	870.0	-1
793	262	231.0	+1
122	369	902.0	-1
1838	62	814.0	-1
1032	1011	8.0	+1
1902	659	878.0	-1
469	970	555.0	+1
971	376	53.0	+1
1078	6	54.0	+1
578	596	446.0	+1
389	20	635.0	+1
1213	983	189.0	+1
890	945	134.0	+1
1934	537	910.0	-1
1542	1178	518.0	+1
1726	971	702.0	+1
1651	917	627.0	+1
404	722	620.0	+1
1902	773	878.0	-1
901	128	123.0	+1
1409	101	385.0	+1
1294	1061	270.0	+1
998	199	26.0	+1
623	641	401.0	+1
738	394	286.0	+1
197	535	827.0	-1
1506	519	482.0	+1
1708	777	684.0	+1
2031	203	1007.0	-1
1375	240	351.0	+1
1097	934	73.0	+1
917	525	107.0	+1
1559	967	535.0	+1
1947	625	923.0	-1
1444	673	420.0	+1
385	294	639.0	+1
651	992	373.0	+1
1768	1116	744.0	+1
1311	1017	287.0	+1
1303	789	279.0	+1
1551	218	527.0	+1
1018	766	6.0	+1
422	78	602.0	+1
294	421	730.0	+1
1361	562	337.0	+1
1882	788	858.0	-1
1405	256	381.0	+1
1860	650	836.0	-1
276	241	748.0	+1
1556	638	532.0	+1
1756	226	732.0	+1
1546	39	522.0	+1
248	848	776.0	-1
900	170	124.0	+1
108	799	916.0	-1
1136	152	112.0	+1
1819	1124	795.0	-1
499	624	525.0	+1
878	780	146.0	+1
222	226	802.0	-1
1710	703	686.0	+1
242	205	782.0	-1
1040	460	16.0	+1
1980	220	956.0	-1
939	548	85.0	+1
1981	766	957.0	-1
958	4	66.0	+1
220	650	804.0	-1
1574	637	550.0	+1
920	454	104.0	+1
1205	619	181.0	+1
1228	265	204.0	+1
79	35	945.0	-1
1504	1213	480.0	+1
1480	370	456.0	+1
806	701	218.0	+1
763	1046	261.0	+1
987	463	37.0	+1
1326	565	302.0	+1
317	185	707.0	+1
427	415	597.0	+1
639	435	385.0	+1
1402	487	378.0	+1
1277	820	253.0	+1
1126	366	102.0	+1
820	968	204.0	+1
55	311	969.0	-1
664	583	360.0	+1
798	1016	226.0	+1
867	1188	157.0	+1
1648	1001	624.0	+1
1191	1024	167.0	+1
1125	1130	101.0	+1
1983	1085	959.0	-1
58	151	966.0	-1
1427	123	403.0	+1
1821	363	797.0	-1
1464	469	440.0	+1
430	136	594.0	+1
1721	1188	697.0	+1
1338	573	314.0	+1
249	94	775.0	-1
1306	156	282.0	+1
1374	273	350.0	+1
1070	114	46.0	+1
226	804	798.0	-1
2015	1045	991.0	-1
1953	697	929.0	-1
1648	1116	624.0	+1
502	578	522.0	+1
389	639	635.0	+1
980	1161	44.0	+1
168	898	856.0	-1
417	246	607.0	+1
659	1172	365.0	+1
806	211	218.0	+1
1103	959	79.0	+1
1878	244	854.0	-1
845	90	179.0	+1
1350	596	326.0	+1
296	913	728.0	+1
1260	258	236.0	+1
283	998	741.0	+1
1460	113	436.0	+1
1750	731	726.0	+1
325	197	699.0	+1
1113	750	89.0	+1
1201	67	177.0	+1
1999	1136	975.0	-1
936	408	88.0	+1
1907	548	883.0	-1
1331	201	307.0	+1
1862	402	838.0	-1
971	566	53.0	+1
948	679	76.0	+1
1834	1189	810.0	-1
1107	644	83.0	+1
668	212	356.0	+1
2003	963	979.0	-1
306	666	718.0	+1
1333	1124	309.0	+1
430	937	594.0	+1
64	117	960.0	-1
1857	654	833.0	-1
1766	1109	742.0	+1
993	752	31.0	+1
359	792	665.0	+1
1081	1035	57.0	+1
1606	199	582.0	+1
61	193	963.0	-1
148	398	876.0	-1
809	603	215.0	+1
501	921	523.0	+1
269	259	755.0	-1
188	64	836.0	-1
500	124	524.0	+1
1408	516	384.0	+1
1084	435	60.0	+1
1431	713	407.0	+1
611	542	413.0	+1
220	1039	804.0	-1
1913	19	889.0	-1
95	1179	929.0	-1
26	394	998.0	-1
334	177	690.0	+1
580	495	444.0	+1
1868	763	844.0	-1
455	456	569.0	+1
891	1192	133.0	+1
462	786	562.0	+1
578	822	446.0	+1
447	910	577.0	+1
314	52	710.0	+1
1757	108	733.0	+1
1390	634	366.0	+1
1691	108	667.0	+1
201	650	823.0	-1
1074	602	50.0	+1
1133	261	109.0	+1
1767	1121	743.0	+1
1623	460	599.0	+1
1166	857	142.0	+1
1877	457	853.0	-1
917	470	107.0	+1
1129	1015	105.0	+1
609	345	415.0	+1
1397	860	373.0	+1
1062	286	38.0	+1
891	1017	133.0	+1
70	55	954.0	-1
171	289	853.0	-1
1152	165	128.0	+1
1342	322	318.0	+1
227	549	797.0	-1
1884	616	860.0	-1
6	785	1018.0	-1
1082	972	58.0	+1
1602	746	578.0	+1
651	972	373.0	+1
1882	778	858.0	-1
1302	848	278.0	+1
1222	73	198.0	+1
324	517	700.0	+1
1540	731	516.0	+1
954	101	70.0	+1
988	549	36.0	+1
630	936	394.0	+1
938	1148	86.0	+1
871	1051	153.0	+1
1800	221	776.0	-1
658	633	366.0	+1
240	544	784.0	-1
1632	516	608.0	+1
1135	173	111.0	+1
702	22	322.0	+1
723	1179	301.0	+1
1836	731	812.0	-1
778	1187	246.0	+1
1025	231	1.0	+1
109	1008	915.0	-1
864	340	160.0	+1
421	1003	603.0	+1
488	1045	536.0	+1
1589	767	565.0	+1
1516	178	492.0	+1
338	1107	686.0	+1
1327	673	303.0	+1
1893	1054	869.0	-1
1337	886	313.0	+1
382	364	642.0	+1
133	114	891.0	-1
486	383	538.0	+1
2030	1114	1006.0	-1
475	1016	549.0	+1
1833	444	809.0	-1
815	132	209.0	+1
547	652	477.0	+1
1601	680	577.0	+1
1810	807	786.0	-1
1209	466	185.0	+1
931	521	93.0	+1
838	1054	186.0	+1
1666	1140	642.0	+1
1334	666	310.0	+1
1913	822	889.0	-1
1719	396	695.0	+1
1893	42	869.0	-1
115	707	909.0	-1
1103	378	79.0	+1
1579	347	555.0	+1
376	1007	648.0	+1
736	259	288.0	+1
1320	1047	296.0	+1
1772	519	748.0	+1
1845	825	821.0	-1
1758	610	734.0	+1
511	678	513.0	+1
1501	1107	477.0	+1
185	324	839.0	-1
399	127	625.0	+1
35	1083	989.0	-1
958	115	66.0	+1
820	307	204.0	+1
668	605	356.0	+1
709	574	315.0	+1
472	795	552.0	+1
832	682	192.0	+1
1641	600	617.0	+1
1265	1031	241.0	+1
1415	623	391.0	+1
1111	439	87.0	+1
1128	836	104.0	+1
1874	1166	850.0	-1
1331	255	307.0	+1
2019	1185	995.0	-1
973	1045	51.0	+1
1363	579	339.0	+1
37	243	987.0	-1
714	1196	310.0	+1
1952	1159	928.0	-1
1773	124	749.0	+1
855	113	169.0	+1
270	996	754.0	-1
34	1190	990.0	-1
1550	304	526.0	+1
172	79	852.0	-1
1043	1175	19.0	+1
725	77	299.0	+1
208	243	816.0	-1
824	573	200.0	+1
311	887	713.0	+1
986	1142	38.0	+1
988	1187	36.0	+1
771	250	253.0	+1
1019	195	5.0	+1
819	403	205.0	+1
758	826	266.0	+1
1137	630	113.0	+1
148	474	876.0	-1
1646	116	622.0	+1
151	1156	873.0	-1
964	956	60.0	+1
437	106	587.0	+1
894	532	130.0	+1
93	701	931.0	-1
877	265	147.0	+1
1693	206	669.0	+1
1040	291	16.0	+1
925	1194	99.0	+1
1167	711	143.0	+1
1238	295	214.0	+1
366	396	658.0	+1
718	600	306.0	+1
1024	1039	0.0	+1
984	520	40.0	+1
2027	607	1003.0	-1
626	1013	398.0	+1
813	39	211.0	+1
1952	484	928.0	-1
1602	367	578.0	+1
1569	270	545.0	+1
933	755	91.0	+1
648	568	376.0	+1
170	908	854.0	-1
179	1071	845.0	-1
1476	1003	452.0	+1
1580	621	556.0	+1
309	906	715.0	+1
1309	545	285.0	+1
1718	90	694.0	+1
1714	451	690.0	+1
1819	629	795.0	-1
92	46	932.0	-1
93	551	931.0	-1
1015	141	9.0	+1
1210	82	186.0	+1
485	275	539.0	+1
1494	460	470.0	+1
21	273	1003.0	-1
177	885	847.0	-1
1378	308	354.0	+1
530	259	494.0	+1
865	371	159.0	+1
306	988	718.0	+1
1544	159	520.0	+1
749	665	275.0	+1
652	539	372.0	+1
418	856	606.0	+1
443	146	581.0	+1
540	667	484.0	+1
1174	797	150.0	+1
497	58	527.0	+1
56	345	968.0	-1
1765	182	741.0	+1
877	251	147.0	+1
1153	343	129.0	+1
202	503	822.0	-1
1812	967	788.0	-1
900	889	124.0	+1
850	538	174.0	+1
1972	800	948.0	-1
897	217	127.0	+1
1130	286	106.0	+1
1795	21	771.0	-1
830	726	194.0	+1
1205	799	181.0	+1
1608	3	584.0	+1
680	809	344.0	+1
1887	436	863.0	-1
1674	44	650.0	+1
1654	481	630.0	+1
1481	917	457.0	+1
1645	722	621.0	+1
1610	15	586.0	+1
1969	389	945.0	-1
717	19	307.0	+1
1184	953	160.0	+1
1451	1045	427.0	+1
321	1059	703.0	+1
747	115	277.0	+1
1080	479	56.0	+1
1598	1049	574.0	+1
848	348	176.0	+1
545	497	479.0	+1
5	1051	1019.0	-1
1069	750	45.0	+1
1481	1083	457.0	+1
1303	624	279.0	+1
624	330	400.0	+1
1249	627	225.0	+1
691	176	333.0	+1
179	167	845.0	-1
1974	951	950.0	-1
1517	865	493.0	+1
1166	307	142.0	+1
1792	192	768.0	-1
725	831	299.0	+1
734	410	290.0	+1
1331	76	307.0	+1
1904	29	880.0	-1
1469	1057	445.0	+1
1235	34	211.0	+1
495	157	529.0	+1
239	722	785.0	-1
1709	174	685.0	+1
1407	787	383.0	+1
1533	1085	509.0	+1
772	1078	252.0	+1
1584	723	560.0	+1
2047	771	1023.0	-1
1336	1083	312.0	+1
57	21	967.0	-1
771	749	253.0	+1
1313	727	289.0	+1
1483	981	459.0	+1
1879	537	855.0	-1
835	997	189.0	+1
1555	733	531.0	+1
231	1146	793.0	-1
613	853	411.0	+1
1161	298	137.0	+1
26	132	998.0	-1
2010	481	986.0	-1
588	61	436.0	+1
1857	918	833.0	-1
1478	792	454.0	+1
1209	985	185.0	+1
963	851	61.0	+1
1077	549	53.0	+1
1616	243	592.0	+1
934	128	90.0	+1
1704	1150	680.0	+1
1675	341	651.0	+1
531	676	493.0	+1
1014	1156	10.0	+1
837	95	187.0	+1
1940	869	916.0	-1
982	363	42.0	+1
1778	146	754.0	-1
462	1029	562.0	+1
1413	697	389.0	+1
342	682	682.0	+1
1173	60	149.0	+1
1890	224	866.0	-1
482	704	542.0	+1
721	427	303.0	+1
1447	77	423.0	+1
304	97	720.0	+1
151	239	873.0	-1
135	265	889.0	-1
1465	943	441.0	+1
444	896	580.0	+1
1262	844	238.0	+1
1769	1006	745.0	+1
1806	136	782.0	-1
1581	778	557.0	+1
1593	120	569.0	+1
1528	469	504.0	+1
1550	282	526.0	+1
361	911	663.0	+1
720	1134	304.0	+1
1685	1152	661.0	+1
499	503	525.0	+1
297	962	727.0	+1
1299	214	275.0	+1
192	395	832.0	-1
1161	731	137.0	+1
1423	671	399.0	+1
889	1081	135.0	+1
137	859	887.0	-1
814	1087	210.0	+1
1704	173	680.0	+1
577	420	447.0	+1
1082	144	58.0	+1
40	875	984.0	-1
1070	537	46.0	+1
810	375	214.0	+1
1414	661	390.0	+1
1064	1015	40.0	+1
820	380	204.0	+1
1466	350	442.0	+1
191	1038	833.0	-1
1308	676	284.0	+1
725	876	299.0	+1
207	312	817.0	-1
225	873	799.0	-1
219	1009	805.0	-1
1236	728	212.0	+1
1258	356	234.0	+1
1285	342	261.0	+1
2040	1043	1016.0	-1
268	182	756.0	-1
1367	76	343.0	+1
1024	904	0.0	+1
1749	1188	725.0	+1
734	344	290.0	+1
1409	1076	385.0	+1
1359	1112	335.0	+1
371	520	653.0	+1
1599	98	575.0	+1
1790	430	766.0	-1
786	549	238.0	+1
202	531	822.0	-1
1767	570	743.0	+1
1152	183	128.0	+1
1985	933	961.0	-1
1837	961	813.0	-1
1772	965	748.0	+1
1440	875	416.0	+1
856	629	168.0	+1
1086	842	62.0	+1
934	739	90.0	+1
1936	1147	912.0	-1
1835	228	811.0	-1
22	265	1002.0	-1
1763	970	739.0	+1
1812	994	788.0	-1
1332	644	308.0	+1
196	193	828.0	-1
129	108	895.0	-1
166	483	858.0	-1
1911	610	887.0	-1
1266	447	242.0	+1
85	158	939.0	-1
1179	1168	155.0	+1
1629	1148	605.0	+1
620	1184	404.0	+1
662	676	362.0	+1
1535	509	511.0	+1
295	505	729.0	+1
1930	21	906.0	-1
397	1106	627.0	+1
1131	603	107.0	+1
613	600	411.0	+1
725	121	299.0	+1
1544	1008	520.0	+1
632	105	392.0	+1
772	474	252.0	+1
1291	761	267.0	+1
1284	813	260.0	+1
1116	630	92.0	+1
497	1075	527.0	+1
1662	124	638.0	+1
1111	721	87.0	+1
1109	158	85.0	+1
871	537	153.0	+1
542	880	482.0	+1
420	291	604.0	+1
1217	880	193.0	+1
735	1067	289.0	+1
1479	249	455.0	+1
1669	282	645.0	+1
623	1123	401.0	+1
1103	90	79.0	+1
322	435	702.0	+1
780	245	244.0	+1
1139	555	115.0	+1
1440	84	416.0	+1
837	606	187.0	+1
985	559	39.0	+1
477	795	547.0	+1
1942	372	918.0	-1
1523	105	499.0	+1
901	207	123.0	+1
279	291	745.0	+1
1559	1161	535.0	+1
732	496	292.0	+1
6	787	1018.0	-1
27	741	997.0	-1
650	1201	374.0	+1
282	316	742.0	+1
900	541	124.0	+1
171	430	853.0	-1
64	153	960.0	-1
1835	953	811.0	-1
1401	1192	377.0	+1
1975	904	951.0	-1
559	1074	465.0	+1
1369	705	345.0	+1
1143	947	119.0	+1
856	305	168.0	+1
738	795	286.0	+1
1246	283	222.0	+1
662	1031	362.0	+1
1938	1164	914.0	-1
889	253	135.0	+1
963	200	61.0	+1
1710	364	686.0	+1
1691	1059	667.0	+1
1181	27	157.0	+1
1371	665	347.0	+1
695	137	329.0	+1
1715	932	691.0	+1
1217	708	193.0	+1
871	753	153.0	+1
1050	1022	26.0	+1
1223	170	199.0	+1
413	195	611.0	+1
1127	425	103.0	+1
1448	167	424.0	+1
185	338	839.0	-1
1984	751	960.0	-1
99	1033	925.0	-1
953	263	71.0	+1
1521	272	497.0	+1
553	535	471.0	+1
1591	386	567.0	+1
622	900	402.0	+1
250	805	774.0	-1
1356	709	332.0	+1
225	724	799.0	-1
873	232	151.0	+1
313	387	711.0	+1
1133	835	109.0	+1
1409	719	385.0	+1
1056	542	32.0	+1
1098	646	74.0	+1
1597	1044	573.0	+1
157	1140	867.0	-1
2043	221	1019.0	-1
1941	51	917.0	-1
1462	693	438.0	+1
789	301	235.0	+1
410	848	614.0	+1
892	1115	132.0	+1
1686	170	662.0	+1
1389	309	365.0	+1
1337	1157	313.0	+1
783	878	241.0	+1
371	1121	653.0	+1
639	1125	385.0	+1
724	1110	300.0	+1
676	916	348.0	+1
614	719	410.0	+1
355	451	669.0	+1
445	991	579.0	+1
1928	156	904.0	-1
1592	1022	568.0	+1
321	1215	703.0	+1
159	650	865.0	-1
798	74	226.0	+1
1421	509	397.0	+1
256	1091	768.0	-1
1099	153	75.0	+1
1028	553	4.0	+1
791	795	233.0	+1
41	1071	983.0	-1
1434	561	410.0	+1
102	299	922.0	-1
434	669	590.0	+1
1552	1181	528.0	+1
650	90	374.0	+1
1423	736	399.0	+1
397	77	627.0	+1
75	414	949.0	-1
284	633	740.0	+1
448	225	576.0	+1
1980	487	956.0	-1
420	1122	604.0	+1
730	55	294.0	+1
1718	88	694.0	+1
595	87	429.0	+1
1836	1141	812.0	-1
1762	1039	738.0	+1
1230	52	206.0	+1
1031	1106	7.0	+1
459	702	565.0	+1
1290	99	266.0	+1
167	1178	857.0	-1
1362	618	338.0	+1
1947	1152	923.0	-1
71	471	953.0	-1
1788	1182	764.0	-1
1714	398	690.0	+1
377	234	647.0	+1
1984	236	960.0	-1
1278	18	254.0	+1
1804	293	780.0	-1
1744	449	720.0	+1
1490	909	466.0	+1
1510	172	486.0	+1
818	533	206.0	+1
818	332	206.0	+1
605	684	419.0	+1
320	633	704.0	+1
1977	497	953.0	-1
1866	1109	842.0	-1
466	375	558.0	+1
179	919	845.0	-1
1162	239	138.0	+1
259	896	765.0	-1
1298	1074	274.0	+1
1813	826	789.0	-1
617	308	407.0	+1
1275	48	251.0	+1
1773	271	749.0	+1
1647	2	623.0	+1
1382	1171	358.0	+1
1607	230	583.0	+1
778	471	246.0	+1
1601	861	577.0	+1
1130	467	106.0	+1
75	560	949.0	-1
1870	749	846.0	-1
1896	110	872.0	-1
1379	991	355.0	+1
452	343	572.0	+1
1107	362	83.0	+1
1905	783	881.0	-1
1855	676	831.0	-1
1910	808	886.0	-1
836	381	188.0	+1
416	999	608.0	+1
1734	765	710.0	+1
176	478	848.0	-1
1901	904	877.0	-1
208	1034	816.0	-1
370	359	654.0	+1
2002	455	978.0	-1
37	925	987.0	-1
598	425	426.0	+1
500	1089	524.0	+1
1303	152	279.0	+1
1062	491	38.0	+1
1917	639	893.0	-1
1150	1160	126.0	+1
638	27	386.0	+1
552	25	472.0	+1
165	92	859.0	-1
1521	568	497.0	+1
1079	431	55.0	+1
941	489	83.0	+1
743	932	281.0	+1
46	27	978.0	-1
524	755	500.0	+1
1553	5	529.0	+1
1880	1016	856.0	-1
1822	862	798.0	-1
854	999	170.0	+1
904	261	120.0	+1
268	1210	756.0	-1
1441	959	417.0	+1
159	766	865.0	-1
364	380	660.0	+1
1508	1003	484.0	+1
1949	911	925.0	-1
916	606	108.0	+1
834	749	190.0	+1
1202	959	178.0	+1
1611	812	587.0	+1
25	845	999.0	-1
544	429	480.0	+1
664	1110	360.0	+1
1666	954	642.0	+1
1866	271	842.0	-1
1690	1131	666.0	+1
152	517	872.0	-1
1331	964	307.0	+1
1998	444	974.0	-1
42	745	982.0	-1
533	363	491.0	+1
1332	802	308.0	+1
1404	413	380.0	+1
2040	140	1016.0	-1
1196	828	172.0	+1
703	837	321.0	+1
1360	189	336.0	+1
1597	282	573.0	+1
513	804	511.0	+1
1069	197	45.0	+1
478	406	546.0	+1
235	522	789.0	-1
1098	843	74.0	+1
1357	147	333.0	+1
2008	678	984.0	-1
20	344	1004.0	-1
1814	297	790.0	-1
637	920	387.0	+1
513	846	511.0	+1
131	885	893.0	-1
1679	1143	655.0	+1
733	546	291.0	+1
1999	1074	975.0	-1
1859	473	835.0	-1
126	665	898.0	-1
1341	847	317.0	+1
546	618	478.0	+1
329	768	695.0	+1
968	754	56.0	+1
554	68	470.0	+1
1548	33	524.0	+1
326	710	698.0	+1
1168	661	144.0	+1
1611	900	587.0	+1
1584	592	560.0	+1
663	130	361.0	+1
1284	6	260.0	+1
862	858	162.0	+1
70	652	954.0	-1
922	669	102.0	+1
1276	747	252.0	+1
918	1106	106.0	+1
1418	576	394.0	+1
805	266	219.0	+1
1230	675	206.0	+1
699	1083	325.0	+1
569	710	455.0	+1
1194	774	170.0	+1
603	735	421.0	+1
565	19	459.0	+1
508	743	516.0	+1
1160	88	136.0	+1
544	1029	480.0	+1
382	624	642.0	+1
1310	872	286.0	+1
597	364	427.0	+1
316	847	708.0	+1
674	1087	350.0	+1
1156	839	132.0	+1
368	273	656.0	+1
140	747	884.0	-1
833	589	191.0	+1
231	594	793.0	-1
217	1043	807.0	-1
1203	19	179.0	+1
1365	687	341.0	+1
1135	499	111.0	+1
625	84	399.0	+1
680	564	344.0	+1
31	69	993.0	-1
1236	417	212.0	+1
1762	862	738.0	+1
1125	177	101.0	+1
269	938	755.0	-1
1863	656	839.0	-1
1806	1194	782.0	-1
1483	59	459.0	+1
1526	1214	502.0	+1
1765	437	741.0	+1
1424	485	400.0	+1
1584	1190	560.0	+1
1550	742	526.0	+1
551	256	473.0	+1
745	283	279.0	+1
23	931	1001.0	-1
1264	1109	240.0	+1
941	884	83.0	+1
1335	239	311.0	+1
1376	708	352.0	+1
919	238	105.0	+1
1783	1030	759.0	-1
197	1141	827.0	-1
992	328	32.0	+1
1467	372	443.0	+1
536	60	488.0	+1
415	71	609.0	+1
904	0	120.0	+1
1761	713	737.0	+1
534	546	490.0	+1
1847	700	823.0	-1
1399	433	375.0	+1
415	279	609.0	+1
162	1051	862.0	-1
656	161	368.0	+1
257	203	767.0	-1
1253	499	229.0	+1
1797	287	773.0	-1
1214	1007	190.0	+1
608	17	416.0	+1
1739	697	715.0	+1
911	1178	113.0	+1
1903	239	879.0	-1
1302	441	278.0	+1
574	1106	450.0	+1
1162	1069	138.0	+1
790	946	234.0	+1
762	854	262.0	+1
1300	420	276.0	+1
1442	519	418.0	+1
1715	821	691.0	+1
2030	1077	1006.0	-1
1628	434	604.0	+1
739	989	285.0	+1
903	872	121.0	+1
417	179	607.0	+1
377	640	647.0	+1
1769	451	745.0	+1
1026	153	2.0	+1
556	1046	468.0	+1
359	58	665.0	+1
133	442	891.0	-1
2042	123	1018.0	-1
1114	254	90.0	+1
176	386	848.0	-1
1812	1167	788.0	-1
436	424	588.0	+1
92	442	932.0	-1
1541	405	517.0	+1
1014	835	10.0	+1
1696	490	672.0	+1
0	762	1024.0	-1
762	1072	262.0	+1
760	118	264.0	+1
1159	607	135.0	+1
557	365	467.0	+1
600	475	424.0	+1
847	904	177.0	+1
2021	1102	997.0	-1
1547	828	523.0	+1
1434	1079	410.0	+1
1700	966	676.0	+1
593	1049	431.0	+1
1924	834	900.0	-1
1401	853	377.0	+1
983	992	41.0	+1
143	830	881.0	-1
2032	112	1008.0	-1
42	562	982.0	-1
1972	328	948.0	-1
1646	219	622.0	+1
1900	345	876.0	-1
181	516	843.0	-1
1633	353	609.0	+1
954	357	70.0	+1
1317	827	293.0	+1
1551	447	527.0	+1
1363	194	339.0	+1
195	806	829.0	-1
1774	915	750.0	+1
1494	181	470.0	+1
1749	846	725.0	+1
640	1190	384.0	+1
720	747	304.0	+1
1642	592	618.0	+1
1396	550	372.0	+1
1542	128	518.0	+1
2007	909	983.0	-1
1474	854	450.0	+1
1927	300	903.0	-1
291	421	733.0	+1
1575	341	551.0	+1
1721	1164	697.0	+1
218	6	806.0	-1
553	882	471.0	+1
378	778	646.0	+1
1207	1214	183.0	+1
712	446	312.0	+1
869	1019	155.0	+1
1166	98	142.0	+1
1657	644	633.0	+1
361	925	663.0	+1
1956	772	932.0	-1
1897	948	873.0	-1
868	143	156.0	+1
1879	1141	855.0	-1
1015	602	9.0	+1
1654	866	630.0	+1
1044	1191	20.0	+1
73	34	951.0	-1
106	105	918.0	-1
1082	597	58.0	+1
1593	87	569.0	+1
1571	320	547.0	+1
1189	951	165.0	+1
1033	881	9.0	+1
1371	807	347.0	+1
876	526	148.0	+1
1874	1077	850.0	-1
95	247	929.0	-1
1572	1193	548.0	+1
491	1187	533.0	+1
1834	602	810.0	-1
1192	495	168.0	+1
2008	665	984.0	-1
1012	499	12.0	+1
690	746	334.0	+1
1802	511	778.0	-1
10	726	1014.0	-1
852	479	172.0	+1
80	35	944.0	-1
1092	374	68.0	+1
1862	336	838.0	-1
266	430	758.0	-1
775	683	249.0	+1
1340	521	316.0	+1
582	478	442.0	+1
1503	49	479.0	+1
326	621	698.0	+1
923	1135	101.0	+1
615	186	409.0	+1
1192	928	168.0	+1
609	622	415.0	+1
246	1141	778.0	-1
374	822	650.0	+1
1130	421	106.0	+1
1243	702	219.0	+1
604	531	420.0	+1
151	71	873.0	-1
479	52	545.0	+1
867	933	157.0	+1
148	93	876.0	-1
2010	513	986.0	-1
1440	898	416.0	+1
111	997	913.0	-1
1097	398	73.0	+1
1097	839	73.0	+1
1574	939	550.0	+1
152	85	872.0	-1
1130	486	106.0	+1
1162	971	138.0	+1
771	771	253.0	+1
614	182	410.0	+1
1093	644	69.0	+1
210	819	814.0	-1
306	722	718.0	+1
1781	373	757.0	-1
1687	1061	663.0	+1
478	704	546.0	+1
1786	68	762.0	-1
484	764	540.0	+1
626	384	398.0	+1
942	473	82.0	+1
231	72	793.0	-1
60	173	964.0	-1
1828	1172	804.0	-1
1073	1099	49.0	+1
129	1058	895.0	-1
1417	613	393.0	+1
1108	1129	84.0	+1
932	728	92.0	+1
226	83	798.0	-1
1039	1189	15.0	+1
1135	374	111.0	+1
1126	117	102.0	+1
1270	1071	246.0	+1
279	607	745.0	+1
5	1144	1019.0	-1
501	232	523.0	+1
1835	903	811.0	-1
139	1065	885.0	-1
498	711	526.0	+1
866	603	158.0	+1
651	328	373.0	+1
932	733	92.0	+1
1419	793	395.0	+1
1012	785	12.0	+1
404	1044	620.0	+1
1301	426	277.0	+1
354	693	670.0	+1
1483	613	459.0	+1
2039	141	1015.0	-1
577	1086	447.0	+1
846	88	178.0	+1
1345	44	321.0	+1
330	254	694.0	+1
1082	201	58.0	+1
1082	617	58.0	+1
342	381	682.0	+1
1999	1208	975.0	-1
1218	188	194.0	+1
1205	360	181.0	+1
1271	795	247.0	+1
1064	597	40.0	+1
865	648	159.0	+1
1463	297	439.0	+1
1764	17	740.0	+1
43	1058	981.0	-1
1159	392	135.0	+1
1018	384	6.0	+1
528	719	496.0	+1
1358	722	334.0	+1
274	435	750.0	+1
1858	972	834.0	-1
1729	54	705.0	+1
275	990	749.0	+1
1785	7	761.0	-1
574	699	450.0	+1
1356	1047	332.0	+1
127	488	897.0	-1
1191	519	167.0	+1
871	349	153.0	+1
1602	233	578.0	+1
1590	279	566.0	+1
1947	757	923.0	-1
724	993	300.0	+1
221	1080	803.0	-1
1501	562	477.0	+1
1055	830	31.0	+1
1350	471	326.0	+1
20	720	1004.0	-1
648	754	376.0	+1
1881	1107	857.0	-1
225	18	799.0	-1
37	547	987.0	-1
1405	191	381.0	+1
1766	1184	742.0	+1
1180	926	156.0	+1
635	542	389.0	+1
1584	142	560.0	+1
247	1011	777.0	-1
79	559	945.0	-1
971	488	53.0	+1
1121	249	97.0	+1
1630	1137	606.0	+1
90	148	934.0	-1
205	484	819.0	-1
366	306	658.0	+1
1118	181	94.0	+1
1299	340	275.0	+1
114	934	910.0	-1
1631	782	607.0	+1
1755	1075	731.0	+1
1002	1034	22.0	+1
1912	975	888.0	-1
231	885	793.0	-1
1163	223	139.0	+1
1503	1168	479.0	+1
84	46	940.0	-1
637	769	387.0	+1
1532	1074	508.0	+1
1290	439	266.0	+1
967	372	57.0	+1
499	198	525.0	+1
1519	637	495.0	+1
315	799	709.0	+1
534	884	490.0	+1
333	850	691.0	+1
1284	437	260.0	+1
608	769	416.0	+1
717	595	307.0	+1
1894	61	870.0	-1
1284	873	260.0	+1
1551	430	527.0	+1
262	690	762.0	-1
1736	348	712.0	+1
24	1125	1000.0	-1
1223	692	199.0	+1
1175	592	151.0	+1
358	516	666.0	+1
1762	249	738.0	+1
688	209	336.0	+1
1320	1067	296.0	+1
831	874	193.0	+1
1312	365	288.0	+1
1874	165	850.0	-1
792	1001	232.0	+1
1228	1178	204.0	+1
1941	5	917.0	-1
1894	453	870.0	-1
832	1177	192.0	+1
213	1155	811.0	-1
1803	576	779.0	-1
1056	531	32.0	+1
1519	1102	495.0	+1
170	672	854.0	-1
1032	1156	8.0	+1
899	1044	125.0	+1
1845	794	821.0	-1
1315	854	291.0	+1
1095	612	71.0	+1
1526	185	502.0	+1
1643	1078	619.0	+1
611	540	413.0	+1
1858	572	834.0	-1
1552	277	528.0	+1
1281	243	257.0	+1
120	1054	904.0	-1
315	719	709.0	+1
187	33	837.0	-1
265	1030	759.0	-1
760	816	264.0	+1
1218	225	194.0	+1
1292	816	268.0	+1
1679	367	655.0	+1
1612	328	588.0	+1
374	421	650.0	+1
1222	395	198.0	+1
951	628	73.0	+1
513	346	511.0	+1
959	1039	65.0	+1
86	337	938.0	-1
1717	1104	693.0	+1
1122	210	98.0	+1
1143	429	119.0	+1
798	522	226.0	+1
542	1195	482.0	+1
1247	615	223.0	+1
284	531	740.0	+1
1856	650	832.0	-1
932	1195	92.0	+1
45	153	979.0	-1
1207	564	183.0	+1
677	11	347.0	+1
840	109	184.0	+1
692	1204	332.0	+1
1997	324	973.0	-1
468	109	556.0	+1
1297	662	273.0	+1
1014	29	10.0	+1
475	547	549.0	+1
56	537	968.0	-1
1500	608	476.0	+1
1945	865	921.0	-1
375	788	649.0	+1
211	63	813.0	-1
1113	660	89.0	+1
1877	594	853.0	-1
193	1099	831.0	-1
1492	481	468.0	+1
577	738	447.0	+1
948	225	76.0	+1
801	436	223.0	+1
381	497	643.0	+1
1779	517	755.0	-1
116	1145	908.0	-1
1591	655	567.0	+1
1721	937	697.0	+1
1006	938	18.0	+1
1179	39	155.0	+1
940	1025	84.0	+1
1052	417	28.0	+1
1391	571	367.0	+1
1468	1179	444.0	+1
809	345	215.0	+1
168	496	856.0	-1
1320	706	296.0	+1
414	153	610.0	+1
987	145	37.0	+1
1641	612	617.0	+1
845	250	179.0	+1
351	1047	673.0	+1
771	993	253.0	+1
1068	302	44.0	+1
646	102	378.0	+1
1399	959	375.0	+1
457	801	567.0	+1
1223	652	199.0	+1
1525	634	501.0	+1
591	502	433.0	+1
1818	516	794.0	-1
13	1058	1011.0	-1
1392	272	368.0	+1
497	976	527.0	+1
887	935	137.0	+1
1893	509	869.0	-1
791	342	233.0	+1
51	467	973.0	-1
986	420	38.0	+1
1505	696	481.0	+1
1776	1105	752.0	-1
1024	247	0.0	+1
1612	291	588.0	+1
584	490	440.0	+1
186	642	838.0	-1
458	236	566.0	+1
1680	1191	656.0	+1
2001	535	977.0	-1
1557	531	533.0	+1
224	131	800.0	-1
849	336	175.0	+1
334	752	690.0	+1
837	755	187.0	+1
1891	906	867.0	-1
1149	742	125.0	+1
405	74	619.0	+1
1839	283	815.0	-1
1722	65	698.0	+1
484	1210	540.0	+1
801	769	223.0	+1
1994	1060	970.0	-1
1239	571	215.0	+1
1569	666	545.0	+1
174	992	850.0	-1
825	118	199.0	+1
1373	728	349.0	+1
1200	1199	176.0	+1
56	636	968.0	-1
719	634	305.0	+1
156	1185	868.0	-1
860	988	164.0	+1
489	1133	535.0	+1
160	526	864.0	-1
1421	194	397.0	+1
1727	884	703.0	+1
1248	315	224.0	+1
1526	173	502.0	+1
1910	1082	886.0	-1
1869	947	845.0	-1
1068	861	44.0	+1
206	182	818.0	-1
1911	409	887.0	-1
82	1046	942.0	-1
1876	541	852.0	-1
178	956	846.0	-1
1614	953	590.0	+1
1193	495	169.0	+1
674	730	350.0	+1
1956	250	932.0	-1
711	247	313.0	+1
1379	737	355.0	+1
1269	883	245.0	+1
609	572	415.0	+1
1456	324	432.0	+1
1361	1172	337.0	+1
572	105	452.0	+1
1091	1212	67.0	+1
1274	375	250.0	+1
391	1009	633.0	+1
933	499	91.0	+1
1547	1012	523.0	+1
1158	776	134.0	+1
501	457	523.0	+1
167	599	857.0	-1
1110	54	86.0	+1
1119	458	95.0	+1
1794	643	770.0	-1
1608	121	584.0	+1
532	37	492.0	+1
395	846	629.0	+1
136	745	888.0	-1
1186	236	162.0	+1
1340	841	316.0	+1
93	1135	931.0	-1
208	933	816.0	-1
1405	470	381.0	+1
39	274	985.0	-1
1285	679	261.0	+1
591	898	433.0	+1
470	1076	554.0	+1
69	935	955.0	-1
387	448	637.0	+1
361	391	663.0	+1
1940	1122	916.0	-1
925	276	99.0	+1
1613	778	589.0	+1
1104	642	80.0	+1
1064	1004	40.0	+1
341	519	683.0	+1
1516	177	492.0	+1
524	681	500.0	+1
1214	478	190.0	+1
1709	164	685.0	+1
679	132	345.0	+1
1776	973	752.0	-1
148	310	876.0	-1
311	737	713.0	+1
114	214	910.0	-1
97	389	927.0	-1
1683	265	659.0	+1
179	64	845.0	-1
1280	568	256.0	+1
891	1037	133.0	+1
919	469	105.0	+1
1763	1013	739.0	+1
844	688	180.0	+1
547	986	477.0	+1
996	19	28.0	+1
451	266	573.0	+1
11	129	1013.0	-1
110	784	914.0	-1
1836	805	812.0	-1
1273	391	249.0	+1
148	307	876.0	-1
175	980	849.0	-1
1003	164	21.0	+1
487	146	537.0	+1
1609	1150	585.0	+1
1858	760	834.0	-1
1140	253	116.0	+1
714	690	310.0	+1
1334	303	310.0	+1
64	782	960.0	-1
1499	985	475.0	+1
1088	528	64.0	+1
1421	647	397.0	+1
120	430	904.0	-1
1779	773	755.0	-1
554	1095	470.0	+1
1253	594	229.0	+1
136	985	888.0	-1
995	892	29.0	+1
87	1064	937.0	-1
1401	240	377.0	+1
1222	366	198.0	+1
398	786	626.0	+1
1362	864	338.0	+1
1923	632	899.0	-1
1683	147	659.0	+1
665	124	359.0	+1
1510	332	486.0	+1
639	181	385.0	+1
1043	580	19.0	+1
1845	114	821.0	-1
545	342	479.0	+1
672	631	352.0	+1
409	939	615.0	+1
2024	520	1000.0	-1
360	584	664.0	+1
242	736	782.0	-1
1303	953	279.0	+1
846	535	178.0	+1
516	565	508.0	+1
895	467	129.0	+1
1692	949	668.0	+1
1663	829	639.0	+1
420	1119	604.0	+1
1452	399	428.0	+1
619	283	405.0	+1
2028	943	1004.0	-1
1991	773	967.0	-1
58	1057	966.0	-1
149	701	875.0	-1
1228	674	204.0	+1
149	1067	875.0	-1
972	223	52.0	+1
962	521	62.0	+1
462	1019	562.0	+1
1687	783	663.0	+1
131	33	893.0	-1
1269	952	245.0	+1
135	1084	889.0	-1
992	1028	32.0	+1
292	704	732.0	+1
1060	1154	36.0	+1
1083	841	59.0	+1
1929	861	905.0	-1
151	520	873.0	-1
1605	529	581.0	+1
476	736	548.0	+1
819	641	205.0	+1
1223	1092	199.0	+1
2022	658	998.0	-1
186	7	838.0	-1
1243	580	219.0	+1
725	1086	299.0	+1
174	207	850.0	-1
821	744	203.0	+1
1221	381	197.0	+1
1364	356	340.0	+1
1841	296	817.0	-1
180	122	844.0	-1
1098	847	74.0	+1
1689	918	665.0	+1
1578	181	554.0	+1
1202	720	178.0	+1
587	388	437.0	+1
1664	545	640.0	+1
980	1052	44.0	+1
254	232	770.0	-1
947	246	77.0	+1
1236	1025	212.0	+1
560	900	464.0	+1
1107	773	83.0	+1
674	390	350.0	+1
1886	226	862.0	-1
826	533	198.0	+1
357	606	667.0	+1
1371	230	347.0	+1
1259	878	235.0	+1
1694	269	670.0	+1
1498	69	474.0	+1
1658	195	634.0	+1
1271	7	247.0	+1
1846	675	822.0	-1
1072	199	48.0	+1
786	1174	238.0	+1
1643	1091	619.0	+1
1443	40	419.0	+1
1909	1147	885.0	-1
73	564	951.0	-1
1725	1161	701.0	+1
646	878	378.0	+1
941	159	83.0	+1
389	793	635.0	+1
1556	1194	532.0	+1
1665	415	641.0	+1
562	282	462.0	+1
464	905	560.0	+1
1105	495	81.0	+1
1980	170	956.0	-1
1486	520	462.0	+1
1798	636	774.0	-1
1735	78	711.0	+1
1244	1136	220.0	+1
1858	447	834.0	-1
886	278	138.0	+1
1589	778	565.0	+1
876	654	148.0	+1
2009	640	985.0	-1
782	1174	242.0	+1
218	937	806.0	-1
1134	884	110.0	+1
1309	1022	285.0	+1
963	1201	61.0	+1
1258	374	234.0	+1
1108	1181	84.0	+1
1596	846	572.0	+1
1477	289	453.0	+1
1118	904	94.0	+1
1243	466	219.0	+1
391	191	633.0	+1
1861	247	837.0	-1
1026	226	2.0	+1
1617	873	593.0	+1
1672	659	648.0	+1
210	622	814.0	-1
1252	663	228.0	+1
889	1014	135.0	+1
1916	53	892.0	-1
802	789	222.0	+1
176	957	848.0	-1
1769	812	745.0	+1
914	168	110.0	+1
1222	1071	198.0	+1
1847	259	823.0	-1
713	856	311.0	+1
534	1133	490.0	+1
1704	880	680.0	+1
1369	881	345.0	+1
1063	1043	39.0	+1
1498	535	474.0	+1
92	381	932.0	-1
940	1155	84.0	+1
370	1125	654.0	+1
1896	37	872.0	-1
533	751	491.0	+1
1469	1120	445.0	+1
165	45	859.0	-1
1061	1096	37.0	+1
225	895	799.0	-1
377	857	647.0	+1
1151	54	127.0	+1
98	646	926.0	-1
749	534	275.0	+1
296	62	728.0	+1
375	508	649.0	+1
612	574	412.0	+1
1288	882	264.0	+1
432	748	592.0	+1
688	9	336.0	+1
1212	914	188.0	+1
31	471	993.0	-1
582	970	442.0	+1
1225	1207	201.0	+1
1769	480	745.0	+1
1394	608	370.0	+1
588	675	436.0	+1
153	521	871.0	-1
1012	319	12.0	+1
578	372	446.0	+1
1571	992	547.0	+1
505	94	519.0	+1
2031	597	1007.0	-1
49	212	975.0	-1
1013	349	11.0	+1
1896	761	872.0	-1
1638	369	614.0	+1
1583	235	559.0	+1
1479	608	455.0	+1
1528	1169	504.0	+1
1418	1029	394.0	+1
1680	590	656.0	+1
1778	1138	754.0	-1
525	1125	499.0	+1
914	46	110.0	+1
585	616	439.0	+1
26	1119	998.0	-1
169	996	855.0	-1
1527	99	503.0	+1
1638	542	614.0	+1
1483	966	459.0	+1
1675	32	651.0	+1
1145	544	121.0	+1
177	409	847.0	-1
889	664	135.0	+1
543	331	481.0	+1
1116	766	92.0	+1
574	762	450.0	+1
1595	825	571.0	+1
844	517	180.0	+1
836	1108	188.0	+1
692	965	332.0	+1
149	750	875.0	-1
107	303	917.0	-1
1025	855	1.0	+1
1440	41	416.0	+1
731	415	293.0	+1
550	219	474.0	+1
785	952	239.0	+1
948	215	76.0	+1
537	336	487.0	+1
214	44	810.0	-1
1032	1046	8.0	+1
1200	951	176.0	+1
558	810	466.0	+1
1260	652	236.0	+1
1299	612	275.0	+1
994	929	30.0	+1
1715	1001	691.0	+1
312	806	712.0	+1
425	444	599.0	+1
139	31	885.0	-1
379	774	645.0	+1
337	208	687.0	+1
502	70	522.0	+1
1284	371	260.0	+1
1257	863	233.0	+1
81	23	943.0	-1
261	921	763.0	-1
908	1025	116.0	+1
1035	388	11.0	+1
983	111	41.0	+1
149	1005	875.0	-1
1422	668	398.0	+1
606	165	418.0	+1
1485	420	461.0	+1
1666	372	642.0	+1
719	63	305.0	+1
337	424	687.0	+1
934	540	90.0	+1
1294	155	270.0	+1
99	473	925.0	-1
515	428	509.0	+1
1238	1210	214.0	+1
1241	343	217.0	+1
1088	168	64.0	+1
1670	795	646.0	+1
771	929	253.0	+1
1341	5	317.0	+1
378	541	646.0	+1
1721	67	697.0	+1
1512	739	488.0	+1
1466	254	442.0	+1
614	944	410.0	+1
565	492	459.0	+1
568	513	456.0	+1
404	71	620.0	+1
437	238	587.0	+1
499	555	525.0	+1
1723	112	699.0	+1
1320	657	296.0	+1
342	776	682.0	+1
597	526	427.0	+1
1203	370	179.0	+1
891	462	133.0	+1
1582	1158	558.0	+1
2014	1116	990.0	-1
265	79	759.0	-1
393	511	631.0	+1
499	540	525.0	+1
1888	735	864.0	-1
542	1192	482.0	+1
1045	1061	21.0	+1
325	355	699.0	+1
1172	302	148.0	+1
751	765	273.0	+1
1146	557	122.0	+1
726	572	298.0	+1
259	1077	765.0	-1
1858	1077	834.0	-1
156	641	868.0	-1
1463	919	439.0	+1
2019	40	995.0	-1
1472	795	448.0	+1
610	853	414.0	+1
41	1184	983.0	-1
739	104	285.0	+1
1145	352	121.0	+1
824	537	200.0	+1
1542	1113	518.0	+1
1848	737	824.0	-1
516	1135	508.0	+1
221	268	803.0	-1
1451	269	427.0	+1
518	637	506.0	+1
368	77	656.0	+1
374	787	650.0	+1
1139	147	115.0	+1
1828	644	804.0	-1
377	1073	647.0	+1
1526	1205	502.0	+1
55	132	969.0	-1
1380	125	356.0	+1
14	632	1010.0	-1
846	26	178.0	+1
482	641	542.0	+1
26	844	998.0	-1
458	794	566.0	+1
1094	1203	70.0	+1
1553	668	529.0	+1
1574	641	550.0	+1
572	1030	452.0	+1
2010	1055	986.0	-1
989	270	35.0	+1
985	492	39.0	+1
1246	1002	222.0	+1
501	841	523.0	+1
1849	134	825.0	-1
1573	795	549.0	+1
95	1098	929.0	-1
1704	1134	680.0	+1
1039	653	15.0	+1
790	71	234.0	+1
1388	68	364.0	+1
689	466	335.0	+1
276	720	748.0	+1
1315	266	291.0	+1
69	472	955.0	-1
1744	1135	720.0	+1
1390	1081	366.0	+1
1265	349	241.0	+1
179	425	845.0	-1
1689	1185	665.0	+1
694	619	330.0	+1
1873	517	849.0	-1
1619	814	595.0	+1
1718	1078	694.0	+1
1391	856	367.0	+1
937	819	87.0	+1
19	992	1005.0	-1
543	279	481.0	+1
264	831	760.0	-1
424	148	600.0	+1
1204	945	180.0	+1
411	958	613.0	+1
377	351	647.0	+1
1078	488	54.0	+1
1863	109	839.0	-1
1281	731	257.0	+1
1057	489	33.0	+1
659	706	365.0	+1
1630	409	606.0	+1
496	550	528.0	+1
754	866	270.0	+1
53	554	971.0	-1
1565	957	541.0	+1
68	102	956.0	-1
274	1042	750.0	+1
1927	112	903.0	-1
1447	560	423.0	+1
386	675	638.0	+1
1559	32	535.0	+1
955	292	69.0	+1
1633	789	609.0	+1
1355	937	331.0	+1
1385	977	361.0	+1
500	1065	524.0	+1
58	1057	966.0	-1
640	215	384.0	+1
517	521	507.0	+1
663	875	361.0	+1
203	327	821.0	-1
526	33	498.0	+1
956	811	68.0	+1
56	52	968.0	-1
1073	926	49.0	+1
1635	503	611.0	+1
536	209	488.0	+1
652	544	372.0	+1
1468	663	444.0	+1
120	584	904.0	-1
645	661	379.0	+1
256	732	768.0	-1
1056	240	32.0	+1
449	1017	575.0	+1
777	398	247.0	+1
510	127	514.0	+1
132	311	892.0	-1
238	266	786.0	-1
136	969	888.0	-1
424	900	600.0	+1
469	29	555.0	+1
1555	1051	531.0	+1
2043	870	1019.0	-1
1199	488	175.0	+1
1548	481	524.0	+1
537	1106	487.0	+1
1050	270	26.0	+1
564	1059	460.0	+1
401	732	623.0	+1
1143	419	119.0	+1
1486	727	462.0	+1
518	552	506.0	+1
411	216	613.0	+1
484	889	540.0	+1
1168	1183	144.0	+1
837	232	187.0	+1
401	1048	623.0	+1
1655	1087	631.0	+1
1268	1156	244.0	+1
613	17	411.0	+1
1159	1017	135.0	+1
1479	390	455.0	+1
1811	863	787.0	-1
1208	882	184.0	+1
924	556	100.0	+1
984	972	40.0	+1
1051	512	27.0	+1
805	177	219.0	+1
1948	765	924.0	-1
607	178	417.0	+1
559	831	465.0	+1
1371	130	347.0	+1
109	33	915.0	-1
1660	646	636.0	+1
2032	333	1008.0	-1
693	277	331.0	+1
1782	833	758.0	-1
1118	1196	94.0	+1
1367	852	343.0	+1
1622	703	598.0	+1
1721	1031	697.0	+1
1887	209	863.0	-1
1595	1132	571.0	+1
92	472	932.0	-1
805	712	219.0	+1
1754	521	730.0	+1
946	232	78.0	+1
1720	1154	696.0	+1
408	471	616.0	+1
445	366	579.0	+1
1195	1121	171.0	+1
1347	886	323.0	+1
1106	1017	82.0	+1
1282	746	258.0	+1
885	992	139.0	+1
1479	604	455.0	+1
1058	650	34.0	+1
860	181	164.0	+1
1424	415	400.0	+1
1577	1178	553.0	+1
1602	739	578.0	+1
1860	681	836.0	-1
1291	424	267.0	+1
1169	73	145.0	+1
512	631	512.0	+1
778	83	246.0	+1
1735	154	711.0	+1
1899	432	875.0	-1
1510	487	486.0	+1
1516	1015	492.0	+1
1891	922	867.0	-1
317	974	707.0	+1
1721	968	697.0	+1
90	743	934.0	-1
307	921	717.0	+1
1741	1168	717.0	+1
855	647	169.0	+1
1335	546	311.0	+1
149	878	875.0	-1
186	457	838.0	-1
1925	502	901.0	-1
417	952	607.0	+1
239	239	785.0	-1
164	885	860.0	-1
1271	699	247.0	+1
255	194	769.0	-1
1090	21	66.0	+1
1338	622	314.0	+1
1394	763	370.0	+1
1857	313	833.0	-1
156	191	868.0	-1
2002	1076	978.0	-1
649	192	375.0	+1
2024	742	1000.0	-1
729	609	295.0	+1
539	263	485.0	+1
1951	966	927.0	-1
1344	744	320.0	+1
1024	37	0.0	+1
559	700	465.0	+1
252	926	772.0	-1
40	1201	984.0	-1
1831	762	807.0	-1
1966	142	942.0	-1
1870	975	846.0	-1
1607	1069	583.0	+1
73	64	951.0	-1
1243	1015	219.0	+1
444	501	580.0	+1
497	132	527.0	+1
350	879	674.0	+1
886	806	138.0	+1
418	673	606.0	+1
1269	1181	245.0	+1
568	666	456.0	+1
1542	327	518.0	+1
594	501	430.0	+1
1406	155	382.0	+1
242	570	782.0	-1
862	217	162.0	+1
1230	363	206.0	+1
680	938	344.0	+1
1145	391	121.0	+1
954	57	70.0	+1
779	617	245.0	+1
1236	337	212.0	+1
131	354	893.0	-1
1135	18	111.0	+1
114	963	910.0	-1
1208	1154	184.0	+1
630	668	394.0	+1
286	86	738.0	+1
1411	152	387.0	+1
818	405	206.0	+1
295	769	729.0	+1
1936	325	912.0	-1
767	720	257.0	+1
805	967	219.0	+1
1512	879	488.0	+1
1492	537	468.0	+1
1488	719	464.0	+1
1614	858	590.0	+1
1113	359	89.0	+1
220	1008	804.0	-1
2007	1193	983.0	-1
1490	764	466.0	+1
1908	618	884.0	-1
1253	706	229.0	+1
785	566	239.0	+1
1861	443	837.0	-1
1489	395	465.0	+1
5	889	1019.0	-1
1030	372	6.0	+1
1863	705	839.0	-1
1172	706	148.0	+1
711	745	313.0	+1
1591	462	567.0	+1
881	1206	143.0	+1
145	162	879.0	-1
612	52	412.0	+1
326	895	698.0	+1
1541	968	517.0	+1
1816	944	792.0	-1
1043	1088	19.0	+1
1989	48	965.0	-1
1794	78	770.0	-1
1136	1003	112.0	+1
304	966	720.0	+1
303	884	721.0	+1
1909	453	885.0	-1
1163	176	139.0	+1
90	942	934.0	-1
1871	335	847.0	-1
1413	938	389.0	+1
871	1131	153.0	+1
94	821	930.0	-1
1085	848	61.0	+1
383	676	641.0	+1
1469	881	445.0	+1
1725	1182	701.0	+1
395	352	629.0	+1
1606	1164	582.0	+1
2028	1215	1004.0	-1
1221	597	197.0	+1
657	837	367.0	+1
453	37	571.0	+1
192	163	832.0	-1
949	207	75.0	+1
939	591	85.0	+1
1198	618	174.0	+1
1949	933	925.0	-1
507	747	517.0	+1
1570	41	546.0	+1
918	397	106.0	+1
406	373	618.0	+1
430	855	594.0	+1
1239	663	215.0	+1
1675	1049	651.0	+1
1934	1042	910.0	-1
641	1127	383.0	+1
45	373	979.0	-1
1949	802	925.0	-1
2026	1151	1002.0	-1
2018	525	994.0	-1
137	751	887.0	-1
1122	685	98.0	+1
374	243	650.0	+1
1721	1194	697.0	+1
1453	63	429.0	+1
589	905	435.0	+1
520	667	504.0	+1
1296	231	272.0	+1
1677	971	653.0	+1
447	46	577.0	+1
775	810	249.0	+1
319	461	705.0	+1
157	115	867.0	-1
29	481	995.0	-1
1897	61	873.0	-1
1427	489	403.0	+1
1919	321	895.0	-1
1438	31	414.0	+1
706	709	318.0	+1
284	716	740.0	+1
1495	514	471.0	+1
153	1156	871.0	-1
1815	562	791.0	-1
1620	893	596.0	+1
1652	883	628.0	+1
1248	399	224.0	+1
1915	138	891.0	-1
1118	875	94.0	+1
328	1127	696.0	+1
840	1011	184.0	+1
49	59	975.0	-1
52	1107	972.0	-1
691	103	333.0	+1
745	991	279.0	+1
492	849	532.0	+1
1968	1167	944.0	-1
1108	628	84.0	+1
891	949	133.0	+1
1239	1082	215.0	+1
358	32	666.0	+1
1583	542	559.0	+1
1631	1030	607.0	+1
400	21	624.0	+1
349	828	675.0	+1
1055	452	31.0	+1
514	714	510.0	+1
453	1122	571.0	+1
1092	8	68.0	+1
1945	1054	921.0	-1
540	681	484.0	+1
17	218	1007.0	-1
87	550	937.0	-1
1939	439	915.0	-1
1497	416	473.0	+1
1767	933	743.0	+1
1326	55	302.0	+1
197	622	827.0	-1
1105	813	81.0	+1
146	114	878.0	-1
464	538	560.0	+1
1760	1083	736.0	+1
1738	643	714.0	+1
1838	1152	814.0	-1
754	185	270.0	+1
1082	93	58.0	+1
2035	891	1011.0	-1
544	289	480.0	+1
469	1155	555.0	+1
70	853	954.0	-1
1820	603	796.0	-1
2030	385	1006.0	-1
1869	205	845.0	-1
1700	791	676.0	+1
1635	52	611.0	+1
1678	325	654.0	+1
1427	71	403.0	+1
2022	478	998.0	-1
834	150	190.0	+1
518	954	506.0	+1
1798	1054	774.0	-1
769	488	255.0	+1
362	691	662.0	+1
258	230	766.0	-1
1965	778	941.0	-1
627	827	397.0	+1
164	873	860.0	-1
299	811	725.0	+1
816	1198	208.0	+1
571	887	453.0	+1
1939	767	915.0	-1
387	48	637.0	+1
329	259	695.0	+1
1144	807	120.0	+1
1664	547	640.0	+1
1924	306	900.0	-1
1813	408	789.0	-1
276	950	748.0	+1
1751	292	727.0	+1
1223	348	199.0	+1
1092	456	68.0	+1
525	765	499.0	+1
1522	1061	498.0	+1
1537	484	513.0	+1
94	383	930.0	-1
271	576	753.0	-1
956	313	68.0	+1
403	492	621.0	+1
1316	985	292.0	+1
1197	175	173.0	+1
35	417	989.0	-1
911	325	113.0	+1
241	569	783.0	-1
817	511	207.0	+1
1241	994	217.0	+1
1763	416	739.0	+1
1354	135	330.0	+1
1812	576	788.0	-1
939	444	85.0	+1
1939	616	915.0	-1
1048	1138	24.0	+1
1375	494	351.0	+1
1244	834	220.0	+1
64	992	960.0	-1
2031	1084	1007.0	-1
201	711	823.0	-1
1076	232	52.0	+1
1502	571	478.0	+1
626	1120	398.0	+1
1300	362	276.0	+1
1798	582	774.0	-1
1896	807	872.0	-1
1644	1140	620.0	+1
1342	307	318.0	+1
342	242	682.0	+1
1128	374	104.0	+1
572	636	452.0	+1
1104	662	80.0	+1
1072	1107	48.0	+1
1200	853	176.0	+1
613	473	411.0	+1
1071	66	47.0	+1
970	1061	54.0	+1
1311	17	287.0	+1
887	692	137.0	+1
1896	800	872.0	-1
101	618	923.0	-1
336	952	688.0	+1
1613	214	589.0	+1
806	300	218.0	+1
487	512	537.0	+1
14	913	1010.0	-1
369	348	655.0	+1
1183	387	159.0	+1
778	567	246.0	+1
245	47	779.0	-1
1747	257	723.0	+1
466	997	558.0	+1
1661	413	637.0	+1
1057	53	33.0	+1
1340	1148	316.0	+1
58	1210	966.0	-1
1455	672	431.0	+1
461	589	563.0	+1
458	88	566.0	+1
1289	276	265.0	+1
1813	569	789.0	-1
1747	817	723.0	+1
1690	999	666.0	+1
475	290	549.0	+1
1917	323	893.0	-1
1126	567	102.0	+1
250	193	774.0	-1
1590	706	566.0	+1
154	417	870.0	-1
1291	412	267.0	+1
747	144	277.0	+1
506	27	518.0	+1
1369	789	345.0	+1
1695	779	671.0	+1
388	690	636.0	+1
1792	377	768.0	-1
884	1093	140.0	+1
375	560	649.0	+1
917	811	107.0	+1
40	968	984.0	-1
194	543	830.0	-1
1782	557	758.0	-1
574	210	450.0	+1
749	699	275.0	+1
547	984	477.0	+1
1692	777	668.0	+1
1924	680	900.0	-1
1283	157	259.0	+1
355	640	669.0	+1
1910	419	886.0	-1
1456	786	432.0	+1
717	1132	307.0	+1
1879	40	855.0	-1
1270	810	246.0	+1
1338	78	314.0	+1
1161	125	137.0	+1
1911	904	887.0	-1
409	57	615.0	+1
1565	503	541.0	+1
1965	50	941.0	-1
663	429	361.0	+1
1899	170	875.0	-1
1278	518	254.0	+1
1957	1012	933.0	-1
1779	818	755.0	-1
1623	1026	599.0	+1
1076	939	52.0	+1
1323	519	299.0	+1
1148	1179	124.0	+1
587	18	437.0	+1
1197	523	173.0	+1
1458	940	434.0	+1
1426	1070	402.0	+1
1970	714	946.0	-1
747	822	277.0	+1
1246	669	222.0	+1
1408	533	384.0	+1
828	820	196.0	+1
188	1015	836.0	-1
193	858	831.0	-1
1972	817	948.0	-1
779	938	245.0	+1
1286	1101	262.0	+1
1703	894	679.0	+1
1150	624	126.0	+1
580	444	444.0	+1
2030	43	1006.0	-1
358	650	666.0	+1
558	581	466.0	+1
1409	108	385.0	+1
732	770	292.0	+1
951	846	73.0	+1
970	835	54.0	+1
1614	70	590.0	+1
324	703	700.0	+1
225	375	799.0	-1
259	381	765.0	-1
1436	228	412.0	+1
217	729	807.0	-1
1022	857	2.0	+1
1553	592	529.0	+1
347	101	677.0	+1
1463	468	439.0	+1
597	110	427.0	+1
1301	1198	277.0	+1
1957	705	933.0	-1
333	500	691.0	+1
2022	791	998.0	-1
1507	1002	483.0	+1
701	141	323.0	+1
316	968	708.0	+1
1511	722	487.0	+1
1242	1175	218.0	+1
974	1107	50.0	+1
1547	827	523.0	+1
520	636	504.0	+1
1287	1147	263.0	+1
1943	416	919.0	-1
158	986	866.0	-1
649	858	375.0	+1
1554	154	530.0	+1
1946	47	922.0	-1
95	2	929.0	-1
1721	101	697.0	+1
671	946	353.0	+1
1001	1081	23.0	+1
949	137	75.0	+1
1331	378	307.0	+1
142	885	882.0	-1
1449	795	425.0	+1
2021	13	997.0	-1
295	909	729.0	+1
278	933	746.0	+1
122	1038	902.0	-1
1411	939	387.0	+1
1624	56	600.0	+1
1043	456	19.0	+1
330	441	694.0	+1
720	1213	304.0	+1
2006	1145	982.0	-1
1774	507	750.0	+1
990	617	34.0	+1
1469	875	445.0	+1
95	1085	929.0	-1
1360	1020	336.0	+1
1291	570	267.0	+1
1048	1011	24.0	+1
1090	563	66.0	+1
1904	216	880.0	-1
1770	628	746.0	+1
326	436	698.0	+1
993	901	31.0	+1
12	1134	1012.0	-1
1435	1093	411.0	+1
1574	205	550.0	+1
884	728	140.0	+1
586	523	438.0	+1
1743	300	719.0	+1
304	1131	720.0	+1
125	402	899.0	-1
1650	1053	626.0	+1
1083	1188	59.0	+1
647	233	377.0	+1
1859	52	835.0	-1
795	752	229.0	+1
308	609	716.0	+1
443	611	581.0	+1
776	241	248.0	+1
1956	908	932.0	-1
1551	18	527.0	+1
282	446	742.0	+1
545	1045	479.0	+1
1022	1046	2.0	+1
144	313	880.0	-1
1249	822	225.0	+1
986	661	38.0	+1
381	200	643.0	+1
1933	1109	909.0	-1
863	1159	161.0	+1
288	34	736.0	+1
22	666	1002.0	-1
263	305	761.0	-1
1530	485	506.0	+1
521	176	503.0	+1
938	37	86.0	+1
1379	281	355.0	+1
591	316	433.0	+1
527	405	497.0	+1
1320	942	296.0	+1
29	572	995.0	-1
1532	573	508.0	+1
595	883	429.0	+1
1030	114	6.0	+1
1542	559	518.0	+1
1897	1072	873.0	-1
1388	749	364.0	+1
1347	751	323.0	+1
895	1113	129.0	+1
480	769	544.0	+1
644	506	380.0	+1
1618	990	594.0	+1
322	482	702.0	+1
848	491	176.0	+1
1515	812	491.0	+1
906	707	118.0	+1
1320	216	296.0	+1
1717	397	693.0	+1
1059	238	35.0	+1
849	629	175.0	+1
1294	1093	270.0	+1
1714	390	690.0	+1
369	324	655.0	+1
281	921	743.0	+1
1336	855	312.0	+1
233	621	791.0	-1
796	580	228.0	+1
1340	10	316.0	+1
239	505	785.0	-1
981	172	43.0	+1
306	182	718.0	+1
288	601	736.0	+1
943	960	81.0	+1
1608	155	584.0	+1
1866	262	842.0	-1
442	78	582.0	+1
807	51	217.0	+1
371	1148	653.0	+1
206	1117	818.0	-1
1315	776	291.0	+1
1641	816	617.0	+1
1100	123	76.0	+1
405	223	619.0	+1
828	598	196.0	+1
1289	37	265.0	+1
340	1016	684.0	+1
1567	200	543.0	+1
1154	771	130.0	+1
406	325	618.0	+1
1583	1172	559.0	+1
1903	388	879.0	-1
1510	806	486.0	+1
1451	1191	427.0	+1
1858	112	834.0	-1
1440	390	416.0	+1
1086	54	62.0	+1
767	515	257.0	+1
92	590	932.0	-1
387	342	637.0	+1
1526	871	502.0	+1
1096	183	72.0	+1
1746	1135	722.0	+1
273	26	751.0	-1
1544	346	520.0	+1
594	890	430.0	+1
178	1115	846.0	-1
1103	744	79.0	+1
1981	1024	957.0	-1
1429	754	405.0	+1
142	235	882.0	-1
55	1188	969.0	-1
1959	766	935.0	-1
719	310	305.0	+1
1336	860	312.0	+1
890	178	134.0	+1
821	402	203.0	+1
335	282	689.0	+1
264	444	760.0	-1
1408	782	384.0	+1
1464	955	440.0	+1
1169	910	145.0	+1
1203	983	179.0	+1
690	693	334.0	+1
1833	373	809.0	-1
1874	653	850.0	-1
1633	924	609.0	+1
581	244	443.0	+1
1743	703	719.0	+1
1472	246	448.0	+1
1723	1140	699.0	+1
202	316	822.0	-1
531	398	493.0	+1
1402	256	378.0	+1
708	937	316.0	+1
126	747	898.0	-1
1539	695	515.0	+1
1524	956	500.0	+1
710	485	314.0	+1
1008	994	16.0	+1
159	333	865.0	-1
405	744	619.0	+1
1127	576	103.0	+1
426	959	598.0	+1
1522	787	498.0	+1
11	652	1013.0	-1
1980	415	956.0	-1
1984	1120	960.0	-1
1000	247	24.0	+1
1210	590	186.0	+1
1429	76	405.0	+1
1208	119	184.0	+1
1852	1046	828.0	-1
202	432	822.0	-1
1940	670	916.0	-1
2032	491	1008.0	-1
883	110	141.0	+1
1849	1189	825.0	-1
324	1031	700.0	+1
1715	975	691.0	+1
1920	142	896.0	-1
633	205	391.0	+1
1165	189	141.0	+1
1137	854	113.0	+1
248	784	776.0	-1
1663	547	639.0	+1
714	993	310.0	+1
1025	141	1.0	+1
2023	579	999.0	-1
2008	383	984.0	-1
1919	1026	895.0	-1
1465	71	441.0	+1
1519	741	495.0	+1
41	939	983.0	-1
301	1188	723.0	+1
497	1174	527.0	+1
1090	153	66.0	+1
683	599	341.0	+1
206	571	818.0	-1
526	169	498.0	+1
1274	284	250.0	+1
1946	96	922.0	-1
165	1215	859.0	-1
621	832	403.0	+1
1473	401	449.0	+1
1059	1053	35.0	+1
1941	180	917.0	-1
1676	1145	652.0	+1
818	1023	206.0	+1
1357	213	333.0	+1
1735	1050	711.0	+1
1423	215	399.0	+1
1616	1103	592.0	+1
1905	172	881.0	-1
1147	261	123.0	+1
189	194	835.0	-1
1876	808	852.0	-1
313	73	711.0	+1
2027	638	1003.0	-1
1765	393	741.0	+1
924	38	100.0	+1
200	864	824.0	-1
1993	796	969.0	-1
1917	459	893.0	-1
1759	457	735.0	+1
901	323	123.0	+1
1623	1005	599.0	+1
1584	767	560.0	+1
717	502	307.0	+1
1309	222	285.0	+1
1098	1050	74.0	+1
1020	916	4.0	+1
813	1204	211.0	+1
220	1194	804.0	-1
1451	172	427.0	+1
1364	513	340.0	+1
2044	189	1020.0	-1
219	1086	805.0	-1
623	1050	401.0	+1
1438	99	414.0	+1
647	82	377.0	+1
420	197	604.0	+1
1836	604	812.0	-1
1885	69	861.0	-1
1640	1022	616.0	+1
1515	274	491.0	+1
337	400	687.0	+1
1420	457	396.0	+1
834	465	190.0	+1
1374	85	350.0	+1
1367	188	343.0	+1
1611	1183	587.0	+1
126	787	898.0	-1
839	989	185.0	+1
1287	38	263.0	+1
172	451	852.0	-1
232	606	792.0	-1
1406	1190	382.0	+1
1891	1086	867.0	-1
1906	688	882.0	-1
170	663	854.0	-1
613	1178	411.0	+1
1006	706	18.0	+1
226	718	798.0	-1
1408	1109	384.0	+1
1276	1184	252.0	+1
1826	584	802.0	-1
62	195	962.0	-1
1546	1064	522.0	+1
194	1115	830.0	-1
1614	688	590.0	+1
69	1052	955.0	-1
746	855	278.0	+1
1008	87	16.0	+1
1503	89	479.0	+1
1816	752	792.0	-1
516	1040	508.0	+1
1496	803	472.0	+1
1537	557	513.0	+1
806	556	218.0	+1
620	1038	404.0	+1
109	128	915.0	-1
1702	644	678.0	+1
1596	396	572.0	+1
1476	1004	452.0	+1
1983	687	959.0	-1
1426	1086	402.0	+1
1959	217	935.0	-1
617	817	407.0	+1
2047	110	1023.0	-1
1691	1068	667.0	+1
67	730	957.0	-1
174	335	850.0	-1
717	1208	307.0	+1
97	240	927.0	-1
941	180	83.0	+1
1104	1215	80.0	+1
1785	32	761.0	-1
1489	519	465.0	+1
49	950	975.0	-1
720	1152	304.0	+1
621	696	403.0	+1
1878	325	854.0	-1
1013	111	11.0	+1
1738	135	714.0	+1
1265	404	241.0	+1
1335	305	311.0	+1
191	621	833.0	-1
76	716	948.0	-1
905	1120	119.0	+1
1958	201	934.0	-1
270	374	754.0	-1
559	613	465.0	+1
1952	475	928.0	-1
28	67	996.0	-1
187	1214	837.0	-1
1241	159	217.0	+1
699	1127	325.0	+1
824	58	200.0	+1
267	879	757.0	-1
1868	1199	844.0	-1
1914	1082	890.0	-1
469	773	555.0	+1
1084	323	60.0	+1
81	429	943.0	-1
665	1095	359.0	+1
1072	355	48.0	+1
1709	792	685.0	+1
640	904	384.0	+1
835	1133	189.0	+1
522	539	502.0	+1
1140	798	116.0	+1
1885	416	861.0	-1
102	225	922.0	-1
1827	1124	803.0	-1
205	218	819.0	-1
1842	394	818.0	-1
486	132	538.0	+1
1081	1180	57.0	+1
489	144	535.0	+1
1340	346	316.0	+1
1890	77	866.0	-1
386	879	638.0	+1
1751	364	727.0	+1
440	840	584.0	+1
986	7	38.0	+1
236	1185	788.0	-1
1752	58	728.0	+1
1478	483	454.0	+1
1297	45	273.0	+1
965	739	59.0	+1
268	242	756.0	-1
1957	964	933.0	-1
1880	1020	856.0	-1
309	908	715.0	+1
405	832	619.0	+1
141	61	883.0	-1
697	983	327.0	+1
214	207	810.0	-1
1384	427	360.0	+1
147	384	877.0	-1
1199	222	175.0	+1
1776	1138	752.0	-1
163	436	861.0	-1
74	461	950.0	-1
606	677	418.0	+1
1615	576	591.0	+1
999	345	25.0	+1
873	662	151.0	+1
513	1207	511.0	+1
1625	803	601.0	+1
1110	107	86.0	+1
903	1143	121.0	+1
1928	396	904.0	-1
774	572	250.0	+1
1778	243	754.0	-1
1579	615	555.0	+1
1952	474	928.0	-1
1912	1082	888.0	-1
961	367	63.0	+1
1425	247	401.0	+1
1560	755	536.0	+1
895	805	129.0	+1
1728	991	704.0	+1
85	1011	939.0	-1
110	1091	914.0	-1
2032	418	1008.0	-1
1211	872	187.0	+1
194	1148	830.0	-1
886	654	138.0	+1
1464	1039	440.0	+1
112	96	912.0	-1
467	1214	557.0	+1
875	126	149.0	+1
1974	474	950.0	-1
194	754	830.0	-1
1314	1001	290.0	+1
94	5	930.0	-1
2030	164	1006.0	-1
939	804	85.0	+1
660	1084	364.0	+1
1493	1155	469.0	+1
1341	826	317.0	+1
644	114	380.0	+1
116	870	908.0	-1
920	1187	104.0	+1
1998	509	974.0	-1
899	429	125.0	+1
193	1025	831.0	-1
1796	117	772.0	-1
1940	629	916.0	-1
469	1151	555.0	+1
1695	709	671.0	+1
2010	797	986.0	-1
426	234	598.0	+1
371	944	653.0	+1
1453	730	429.0	+1
365	99	659.0	+1
1804	232	780.0	-1
1504	436	480.0	+1
919	1142	105.0	+1
299	95	725.0	+1
298	375	726.0	+1
817	55	207.0	+1
883	1061	141.0	+1
1517	279	493.0	+1
1762	921	738.0	+1
1871	652	847.0	-1
445	265	579.0	+1
2045	781	1021.0	-1
1813	1151	789.0	-1
1567	340	543.0	+1
1879	484	855.0	-1
205	618	819.0	-1
1150	28	126.0	+1
1596	1050	572.0	+1
451	709	573.0	+1
599	500	425.0	+1
424	129	600.0	+1
1330	124	306.0	+1
1773	855	749.0	+1
413	972	611.0	+1
714	856	310.0	+1
436	429	588.0	+1
788	1206	236.0	+1
1350	338	326.0	+1
1804	299	780.0	-1
2045	645	1021.0	-1
15	1191	1009.0	-1
340	354	684.0	+1
550	2	474.0	+1
140	468	884.0	-1
1502	671	478.0	+1
756	389	268.0	+1
882	1123	142.0	+1
962	1089	62.0	+1
1454	911	430.0	+1
999	1137	25.0	+1
1935	117	911.0	-1
1361	33	337.0	+1
422	589	602.0	+1
911	1119	113.0	+1
1625	687	601.0	+1
1899	331	875.0	-1
1908	527	884.0	-1
175	555	849.0	-1
201	961	823.0	-1
1893	881	869.0	-1
1977	176	953.0	-1
269	775	755.0	-1
1812	219	788.0	-1
19	506	1005.0	-1
1880	1174	856.0	-1
261	54	763.0	-1
227	938	797.0	-1
179	1024	845.0	-1
37	540	987.0	-1
249	1074	775.0	-1
1938	669	914.0	-1
116	392	908.0	-1
1934	674	910.0	-1
185	688	839.0	-1
78	725	946.0	-1
1943	411	919.0	-1
116	456	908.0	-1
1975	135	951.0	-1
2011	147	987.0	-1
35	1139	989.0	-1
2021	25	997.0	-1
1985	594	961.0	-1
225	1151	799.0	-1
169	616	855.0	-1
72	1167	952.0	-1
82	920	942.0	-1
155	244	869.0	-1
1964	187	940.0	-1
2023	1143	999.0	-1
189	113	835.0	-1
1812	344	788.0	-1
2032	980	1008.0	-1
36	113	988.0	-1
68	4	956.0	-1
1969	237	945.0	-1
1822	507	798.0	-1
108	96	916.0	-1
11	1059	1013.0	-1
149	480	875.0	-1
1881	60	857.0	-1
1795	469	771.0	-1
1863	1011	839.0	-1
169	1100	855.0	-1
78	1073	946.0	-1
41	197	983.0	-1
1849	394	825.0	-1
1891	1020	867.0	-1
55	717	969.0	-1
1861	881	837.0	-1
1815	325	791.0	-1
2010	1135	986.0	-1
1969	562	945.0	-1
158	885	866.0	-1
1906	229	882.0	-1
192	565	832.0	-1
1954	30	930.0	-1
211	965	813.0	-1
1817	73	793.0	-1
178	542	846.0	-1
175	1212	849.0	-1
2042	973	1018.0	-1
1795	711	771.0	-1
11	810	1013.0	-1
1881	999	857.0	-1
261	267	763.0	-1
1800	872	776.0	-1
163	379	861.0	-1
2023	641	999.0	-1
1781	871	757.0	-1
1964	830	940.0	-1
1792	257	768.0	-1
96	934	928.0	-1
148	934	876.0	-1
1935	1083	911.0	-1
81	584	943.0	-1
1886	300	862.0	-1
36	796	988.0	-1
1905	39	881.0	-1
1949	536	925.0	-1
153	489	871.0	-1
127	50	897.0	-1
1854	864	830.0	-1
116	133	908.0	-1
1917	356	893.0	-1
1848	558	824.0	-1
259	31	765.0	-1
1977	755	953.0	-1
1893	128	869.0	-1
57	382	967.0	-1
33	97	991.0	-1
1848	965	824.0	-1
33	57	991.0	-1
2004	501	980.0	-1
1861	714	837.0	-1
44	36	980.0	-1
2	1040	1022.0	-1
2021	501	997.0	-1
129	240	895.0	-1
1888	853	864.0	-1
2045	740	1021.0	-1
128	52	896.0	-1
1935	511	911.0	-1
109	961	915.0	-1
1929	81	905.0	-1
109	206	915.0	-1
219	124	805.0	-1
189	671	835.0	-1
12	1087	1012.0	-1
103	440	921.0	-1
1798	868	774.0	-1
2019	1084	995.0	-1
1801	346	777.0	-1
1857	803	833.0	-1
77	1160	947.0	-1
175	330	849.0	-1
1942	798	918.0	-1
11	145	1013.0	-1
2042	576	1018.0	-1
156	760	868.0	-1
36	8	988.0	-1
2039	485	1015.0	-1
2014	740	990.0	-1
1815	334	791.0	-1
2000	745	976.0	-1
1988	1183	964.0	-1
33	34	991.0	-1
30	884	994.0	-1
1965	381	941.0	-1
137	1038	887.0	-1
67	341	957.0	-1
245	1060	779.0	-1
1922	763	898.0	-1
12	348	1012.0	-1
3	1022	1021.0	-1
2017	831	993.0	-1
70	568	954.0	-1
1849	1103	825.0	-1
1968	1141	944.0	-1
1789	904	765.0	-1
209	1098	815.0	-1
56	9	968.0	-1
1908	1019	884.0	-1
2028	1006	1004.0	-1
162	403	862.0	-1
171	189	853.0	-1
190	587	834.0	-1
1783	999	759.0	-1
1971	932	947.0	-1
54	208	970.0	-1
1980	96	956.0	-1
2020	1180	996.0	-1
1952	1129	928.0	-1
240	1206	784.0	-1
108	320	916.0	-1
181	494	843.0	-1
92	989	932.0	-1
1986	572	962.0	-1
2040	746	1016.0	-1
157	158	867.0	-1
1909	203	885.0	-1
231	237	793.0	-1
160	871	864.0	-1
210	322	814.0	-1
1894	644	870.0	-1
1837	734	813.0	-1
134	201	890.0	-1
16	1201	1008.0	-1
237	136	787.0	-1
43	600	981.0	-1
2019	141	995.0	-1
1913	812	889.0	-1
45	1089	979.0	-1
1930	910	906.0	-1
73	262	951.0	-1
224	385	800.0	-1
83	90	941.0	-1
235	422	789.0	-1
199	572	825.0	-1
1851	1013	827.0	-1
179	29	845.0	-1
1960	262	936.0	-1
73	505	951.0	-1
2038	600	1014.0	-1
16	439	1008.0	-1
1926	586	902.0	-1
1924	1176	900.0	-1
236	561	788.0	-1
1943	321	919.0	-1
158	1037	866.0	-1
1897	318	873.0	-1
100	1124	924.0	-1
65	460	959.0	-1
1947	936	923.0	-1
1820	464	796.0	-1
0	1206	1024.0	-1
2030	949	1006.0	-1
191	288	833.0	-1
1821	133	797.0	-1
1873	238	849.0	-1
2018	547	994.0	-1
156	289	868.0	-1
1964	716	940.0	-1
267	91	757.0	-1
2006	391	982.0	-1
1890	281	866.0	-1
93	731	931.0	-1
1826	682	802.0	-1
5	781	1019.0	-1
252	1125	772.0	-1
110	430	914.0	-1
2009	96	985.0	-1
1945	760	921.0	-1
217	228	807.0	-1
253	1033	771.0	-1
1889	743	865.0	-1
20	544	1004.0	-1
237	494	787.0	-1
201	876	823.0	-1
164	860	860.0	-1
198	688	826.0	-1
255	940	769.0	-1
1865	594	841.0	-1
1818	172	794.0	-1
128	710	896.0	-1
252	149	772.0	-1
2019	1098	995.0	-1
73	402	951.0	-1
171	1129	853.0	-1
16	380	1008.0	-1
265	16	759.0	-1
96	909	928.0	-1
271	195	753.0	-1
100	1204	924.0	-1
257	990	767.0	-1
1801	593	777.0	-1
232	258	792.0	-1
243	884	781.0	-1
194	1150	830.0	-1
1843	841	819.0	-1
167	788	857.0	-1
216	113	808.0	-1
1935	172	911.0	-1
2021	579	997.0	-1
1905	799	881.0	-1
1801	788	777.0	-1
16	307	1008.0	-1
2017	513	993.0	-1
183	580	841.0	-1
2039	897	1015.0	-1
176	1067	848.0	-1
1841	50	817.0	-1
1982	1118	958.0	-1
261	459	763.0	-1
3	752	1021.0	-1
90	226	934.0	-1
10	373	1014.0	-1
1988	175	964.0	-1
258	226	766.0	-1
1839	1032	815.0	-1
1860	789	836.0	-1
1830	1050	806.0	-1
235	216	789.0	-1
2042	768	1018.0	-1
149	1205	875.0	-1
1979	38	955.0	-1
87	154	937.0	-1
225	526	799.0	-1
1995	769	971.0	-1
1864	517	840.0	-1
1858	594	834.0	-1
19	635	1005.0	-1
1950	299	926.0	-1
88	341	936.0	-1
1914	136	890.0	-1
1959	26	935.0	-1
2046	853	1022.0	-1
1817	212	793.0	-1
1856	416	832.0	-1
219	591	805.0	-1
2040	330	1016.0	-1
153	716	871.0	-1
85	1030	939.0	-1
1940	104	916.0	-1
247	1013	777.0	-1
231	757	793.0	-1
1849	362	825.0	-1
2017	420	993.0	-1
65	1099	959.0	-1
151	771	873.0	-1
168	207	856.0	-1
90	205	934.0	-1
37	426	987.0	-1
55	676	969.0	-1
1868	1191	844.0	-1
72	801	952.0	-1
1984	296	960.0	-1
48	666	976.0	-1
244	1203	780.0	-1
1782	518	758.0	-1
2022	60	998.0	-1
1866	1021	842.0	-1
1945	761	921.0	-1
235	298	789.0	-1
29	39	995.0	-1
52	558	972.0	-1
1898	178	874.0	-1
1833	1050	809.0	-1
100	124	924.0	-1
1927	292	903.0	-1
1921	509	897.0	-1
1938	545	914.0	-1
1858	1069	834.0	-1
191	352	833.0	-1
1915	89	891.0	-1
1908	999	884.0	-1
48	693	976.0	-1
1960	1154	936.0	-1
116	555	908.0	-1
1986	118	962.0	-1
121	441	903.0	-1
1837	1062	813.0	-1
39	470	985.0	-1
65	1213	959.0	-1
1862	769	838.0	-1
53	576	971.0	-1
225	664	799.0	-1
1872	1153	848.0	-1
1994	1115	970.0	-1
189	950	835.0	-1
124	763	900.0	-1
1986	883	962.0	-1
3	1182	1021.0	-1
1861	728	837.0	-1
12	433	1012.0	-1
1984	713	960.0	-1
1888	1013	864.0	-1
1785	796	761.0	-1
1900	196	876.0	-1
1957	745	933.0	-1
67	287	957.0	-1
228	622	796.0	-1
69	277	955.0	-1
219	666	805.0	-1
42	512	982.0	-1
1975	761	951.0	-1
131	740	893.0	-1
1805	1080	781.0	-1
110	964	914.0	-1
1969	432	945.0	-1
1873	29	849.0	-1
1994	444	970.0	-1
1954	581	930.0	-1
268	537	756.0	-1
97	763	927.0	-1
2047	607	1023.0	-1
138	1193	886.0	-1
85	430	939.0	-1
2025	389	1001.0	-1
154	38	870.0	-1
1777	70	753.0	-1
1958	296	934.0	-1
1898	375	874.0	-1
1778	824	754.0	-1
226	135	798.0	-1
1961	710	937.0	-1
1777	455	753.0	-1
128	691	896.0	-1
205	22	819.0	-1
164	255	860.0	-1
2042	1024	1018.0	-1
246	761	778.0	-1
1913	547	889.0	-1
144	1150	880.0	-1
1826	159	802.0	-1
174	816	850.0	-1
1810	22	786.0	-1
2004	265	980.0	-1
126	20	898.0	-1
1941	717	917.0	-1
1854	459	830.0	-1
234	959	790.0	-1
1825	849	801.0	-1
1	833	1023.0	-1
77	1190	947.0	-1
1954	30	930.0	-1
124	583	900.0	-1
1880	421	856.0	-1
106	121	918.0	-1
180	490	844.0	-1
1952	855	928.0	-1
1775	840	751.0	-1
263	306	761.0	-1
1875	105	851.0	-1
1815	1092	791.0	-1
1943	230	919.0	-1
170	1176	854.0	-1
96	1102	928.0	-1
1860	583	836.0	-1
98	748	926.0	-1
148	86	876.0	-1
151	227	873.0	-1
1880	568	856.0	-1
2011	623	987.0	-1
1782	83	758.0	-1
166	568	858.0	-1
1924	1148	900.0	-1
238	952	786.0	-1
2026	102	1002.0	-1
114	677	910.0	-1
2013	1095	989.0	-1
25	397	999.0	-1
2041	684	1017.0	-1
2010	593	986.0	-1
165	443	859.0	-1
166	852	858.0	-1
199	92	825.0	-1
1955	875	931.0	-1
1954	233	930.0	-1
84	676	940.0	-1
194	453	830.0	-1
1926	844	902.0	-1
188	779	836.0	-1
1870	1086	846.0	-1
1993	17	969.0	-1
1834	875	810.0	-1
2026	1022	1002.0	-1
1830	558	806.0	-1
1973	471	949.0	-1
139	934	885.0	-1
1953	757	929.0	-1
1817	236	793.0	-1
70	1209	954.0	-1
131	989	893.0	-1
124	130	900.0	-1
97	1039	927.0	-1
96	349	928.0	-1
1901	889	877.0	-1
1795	618	771.0	-1
115	24	909.0	-1
264	510	760.0	-1
1963	87	939.0	-1
1784	14	760.0	-1
1780	735	756.0	-1
236	1070	788.0	-1
244	311	780.0	-1
153	854	871.0	-1
2001	1149	977.0	-1
174	644	850.0	-1
1943	493	919.0	-1
1877	1000	853.0	-1
143	317	881.0	-1
89	468	935.0	-1
2018	912	994.0	-1
1960	264	936.0	-1
1975	900	951.0	-1
2016	865	992.0	-1
36	59	988.0	-1
224	600	800.0	-1
141	904	883.0	-1
1914	552	890.0	-1
1792	5	768.0	-1
124	666	900.0	-1
50	593	974.0	-1
226	249	798.0	-1
2042	52	1018.0	-1
95	935	929.0	-1
1849	694	825.0	-1
53	460	971.0	-1
104	376	920.0	-1
1890	207	866.0	-1
248	216	776.0	-1
1851	977	827.0	-1
131	1014	893.0	-1
209	159	815.0	-1
180	0	844.0	-1
1918	1083	894.0	-1
84	664	940.0	-1
153	151	871.0	-1
194	224	830.0	-1
1966	635	942.0	-1
1934	36	910.0	-1
1807	635	783.0	-1
137	878	887.0	-1
234	82	790.0	-1
193	1109	831.0	-1
1874	471	850.0	-1
2021	484	997.0	-1
1808	825	784.0	-1
52	716	972.0	-1
1940	753	916.0	-1
1892	1124	868.0	-1
1974	984	950.0	-1
51	562	973.0	-1
262	858	762.0	-1
215	170	809.0	-1
1783	169	759.0	-1
1852	791	828.0	-1
2032	1102	1008.0	-1
216	95	808.0	-1
1871	84	847.0	-1
1926	646	902.0	-1
1932	1110	908.0	-1
202	989	822.0	-1
1880	813	856.0	-1
160	314	864.0	-1
1878	466	854.0	-1
2047	859	1023.0	-1
50	327	974.0	-1
1964	478	940.0	-1
1778	349	754.0	-1
176	1145	848.0	-1
135	909	889.0	-1
60	44	964.0	-1
1822	36	798.0	-1
1964	1196	940.0	-1
137	466	887.0	-1
1777	339	753.0	-1
131	1144	893.0	-1
1952	363	928.0	-1
2	814	1022.0	-1
1790	1156	766.0	-1
1786	331	762.0	-1
1993	652	969.0	-1
1927	66	903.0	-1
1953	304	929.0	-1
1860	960	836.0	-1
1964	1184	940.0	-1
1829	237	805.0	-1
6	234	1018.0	-1
258	537	766.0	-1
1926	119	902.0	-1
232	316	792.0	-1
258	316	766.0	-1
201	778	823.0	-1
221	982	803.0	-1
1863	435	839.0	-1
1805	815	781.0	-1
30	1036	994.0	-1
1988	296	964.0	-1
1790	673	766.0	-1
1935	848	911.0	-1
2009	321	985.0	-1
1805	897	781.0	-1
1889	1100	865.0	-1
1957	408	933.0	-1
187	636	837.0	-1
2011	124	987.0	-1
264	73	760.0	-1
1804	661	780.0	-1
1912	22	888.0	-1
2032	40	1008.0	-1
91	517	933.0	-1
1974	428	950.0	-1
2031	218	1007.0	-1
48	773	976.0	-1
1900	168	876.0	-1
1935	709	911.0	-1
127	81	897.0	-1
1842	994	818.0	-1
163	579	861.0	-1
262	1112	762.0	-1
196	476	828.0	-1
249	616	775.0	-1
227	842	797.0	-1
273	942	751.0	-1
224	810	800.0	-1
1823	94	799.0	-1
1937	96	913.0	-1
197	517	827.0	-1
154	411	870.0	-1
56	925	968.0	-1
213	920	811.0	-1
38	237	986.0	-1
119	561	905.0	-1
244	44	780.0	-1
1961	189	937.0	-1
96	1105	928.0	-1
2046	1023	1022.0	-1
1977	41	953.0	-1
1962	1177	938.0	-1
188	201	836.0	-1
145	1011	879.0	-1
37	825	987.0	-1
53	596	971.0	-1
1898	186	874.0	-1
1937	113	913.0	-1
1972	981	948.0	-1
234	1090	790.0	-1
267	1133	757.0	-1
1956	1167	932.0	-1
1981	334	957.0	-1
1912	934	888.0	-1
182	256	842.0	-1
2027	1159	1003.0	-1
188	609	836.0	-1
90	629	934.0	-1
1876	9	852.0	-1
1941	1060	917.0	-1
220	87	804.0	-1
14	1202	1010.0	-1
90	249	934.0	-1
233	185	791.0	-1
93	239	931.0	-1
260	1184	764.0	-1
138	1050	886.0	-1
248	115	776.0	-1
104	333	920.0	-1
1821	164	797.0	-1
12	1006	1012.0	-1
163	259	861.0	-1
1962	954	938.0	-1
1963	493	939.0	-1
2018	375	994.0	-1
229	397	795.0	-1
14	162	1010.0	-1
1877	622	853.0	-1
80	294	944.0	-1
1862	835	838.0	-1
113	288	911.0	-1
2000	433	976.0	-1
244	1160	780.0	-1
2002	135	978.0	-1
1824	245	800.0	-1
2047	432	1023.0	-1
155	590	869.0	-1
1868	274	844.0	-1
1869	608	845.0	-1
144	377	880.0	-1
223	1090	801.0	-1
173	141	851.0	-1
1933	686	909.0	-1
1786	656	762.0	-1
74	316	950.0	-1
2024	551	1000.0	-1
134	551	890.0	-1
2011	1037	987.0	-1
1873	648	849.0	-1
1818	921	794.0	-1
1850	3	826.0	-1
1898	1113	874.0	-1
2044	338	1020.0	-1
1942	876	918.0	-1
121	51	903.0	-1
1988	107	964.0	-1
179	777	845.0	-1
1989	981	965.0	-1
215	645	809.0	-1
82	1116	942.0	-1
1790	1193	766.0	-1
59	597	965.0	-1
1819	1198	795.0	-1
105	717	919.0	-1
1776	589	752.0	-1
1949	731	925.0	-1
1892	535	868.0	-1
1777	164	753.0	-1
1837	1138	813.0	-1
267	241	757.0	-1
144	195	880.0	-1
108	989	916.0	-1
1861	423	837.0	-1
2031	798	1007.0	-1
39	333	985.0	-1
1776	997	752.0	-1
106	839	918.0	-1
1823	882	799.0	-1
80	87	944.0	-1
1989	956	965.0	-1
1787	382	763.0	-1
107	833	917.0	-1
1972	793	948.0	-1
1843	265	819.0	-1
156	157	868.0	-1
97	141	927.0	-1
202	171	822.0	-1
1846	192	822.0	-1
22	637	1002.0	-1
243	210	781.0	-1
1915	722	891.0	-1
59	60	965.0	-1
1828	1116	804.0	-1
1798	581	774.0	-1
1949	285	925.0	-1
1972	1042	948.0	-1
188	168	836.0	-1
78	1205	946.0	-1
41	568	983.0	-1
186	439	838.0	-1
1934	988	910.0	-1
1806	536	782.0	-1
1945	529	921.0	-1
168	596	856.0	-1
47	1020	977.0	-1
1879	759	855.0	-1
170	787	854.0	-1
1880	969	856.0	-1
39	186	985.0	-1
76	124	948.0	-1
1993	261	969.0	-1
165	184	859.0	-1
1860	1103	836.0	-1
181	70	843.0	-1
66	1175	958.0	-1
65	639	959.0	-1
2002	53	978.0	-1
62	1180	962.0	-1
1993	64	969.0	-1
90	1164	934.0	-1
1924	34	900.0	-1
262	915	762.0	-1
2017	752	993.0	-1
1857	927	833.0	-1
187	1056	837.0	-1
1879	119	855.0	-1
1861	935	837.0	-1
1812	532	788.0	-1
1787	35	763.0	-1
1968	155	944.0	-1
2008	67	984.0	-1
1867	281	843.0	-1
1836	792	812.0	-1
1880	1096	856.0	-1
89	1032	935.0	-1
2027	887	1003.0	-1
1852	467	828.0	-1
98	738	926.0	-1
252	1016	772.0	-1
1934	164	910.0	-1
1996	145	972.0	-1
1817	222	793.0	-1
1832	113	808.0	-1
1908	480	884.0	-1
113	651	911.0	-1
23	873	1001.0	-1
169	421	855.0	-1
26	1171	998.0	-1
115	925	909.0	-1
25	762	999.0	-1
178	12	846.0	-1
1857	482	833.0	-1
156	157	868.0	-1
1784	572	760.0	-1
232	791	792.0	-1
2047	368	1023.0	-1
2041	810	1017.0	-1
1862	180	838.0	-1
20	587	1004.0	-1
186	392	838.0	-1
1935	787	911.0	-1
2039	205	1015.0	-1
169	712	855.0	-1
71	310	953.0	-1
61	639	963.0	-1
229	420	795.0	-1
119	956	905.0	-1
210	1070	814.0	-1
188	945	836.0	-1
249	250	775.0	-1
1850	972	826.0	-1
1951	691	927.0	-1
199	828	825.0	-1
172	834	852.0	-1
14	196	1010.0	-1
1795	511	771.0	-1
1921	958	897.0	-1
1796	166	772.0	-1
187	734	837.0	-1
1995	834	971.0	-1
227	262	797.0	-1
1917	650	893.0	-1
257	268	767.0	-1
1908	40	884.0	-1
1871	314	847.0	-1
1828	112	804.0	-1
2032	1036	1008.0	-1
1912	872	888.0	-1
209	857	815.0	-1
211	366	813.0	-1
1998	455	974.0	-1
251	1148	773.0	-1
1953	616	929.0	-1
1959	1070	935.0	-1
139	525	885.0	-1
97	663	927.0	-1
1875	556	851.0	-1
1809	661	785.0	-1
83	898	941.0	-1
1893	824	869.0	-1
103	662	921.0	-1
1858	844	834.0	-1
1923	320	899.0	-1
132	1012	892.0	-1
26	18	998.0	-1
1909	669	885.0	-1
95	493	929.0	-1
1792	475	768.0	-1
2038	1211	1014.0	-1
74	1135	950.0	-1
1857	107	833.0	-1
1992	45	968.0	-1
1888	851	864.0	-1
224	185	800.0	-1
45	1062	979.0	-1
1803	823	779.0	-1
1963	368	939.0	-1
204	48	820.0	-1
1976	279	952.0	-1
1836	224	812.0	-1
7	1050	1017.0	-1
118	799	906.0	-1
249	87	775.0	-1
1856	408	832.0	-1
1911	648	887.0	-1
201	8	823.0	-1
268	693	756.0	-1
187	1062	837.0	-1
1839	1194	815.0	-1
1864	1150	840.0	-1
226	74	798.0	-1
237	668	787.0	-1
1792	212	768.0	-1
205	350	819.0	-1
1917	972	893.0	-1
259	1119	765.0	-1
1929	166	905.0	-1
1907	156	883.0	-1
258	69	766.0	-1
2004	1051	980.0	-1
1841	682	817.0	-1
1843	127	819.0	-1
1776	1024	752.0	-1
273	692	751.0	-1
11	838	1013.0	-1
53	1130	971.0	-1
1879	946	855.0	-1
31	937	993.0	-1
110	1161	914.0	-1
100	172	924.0	-1
1826	174	802.0	-1
229	962	795.0	-1
232	1153	792.0	-1
1845	940	821.0	-1
115	19	909.0	-1
168	1078	856.0	-1
1997	500	973.0	-1
2014	468	990.0	-1
116	511	908.0	-1
230	536	794.0	-1
42	981	982.0	-1
1827	269	803.0	-1
163	254	861.0	-1
1956	1201	932.0	-1
2033	809	1009.0	-1
193	1077	831.0	-1
260	649	764.0	-1
1956	772	932.0	-1
1811	1193	787.0	-1
196	1109	828.0	-1
1901	1158	877.0	-1
2023	1203	999.0	-1
1820	1065	796.0	-1
36	760	988.0	-1
89	185	935.0	-1
99	232	925.0	-1
41	668	983.0	-1
2014	138	990.0	-1
54	571	970.0	-1
1785	546	761.0	-1
1857	836	833.0	-1
230	0	794.0	-1
2034	109	1010.0	-1
1782	778	758.0	-1
1875	513	851.0	-1
123	4	901.0	-1
246	666	778.0	-1
1780	315	756.0	-1
186	206	838.0	-1
121	1011	903.0	-1
1798	495	774.0	-1
221	266	803.0	-1
1884	1096	860.0	-1
1991	493	967.0	-1
1825	734	801.0	-1
1785	462	761.0	-1
1956	979	932.0	-1
67	346	957.0	-1
33	409	991.0	-1
2040	131	1016.0	-1
2019	740	995.0	-1
220	1099	804.0	-1
244	887	780.0	-1
1880	626	856.0	-1
2	881	1022.0	-1
1868	854	844.0	-1
1810	741	786.0	-1
247	1092	777.0	-1
48	883	976.0	-1
1870	1133	846.0	-1
260	1138	764.0	-1
1997	311	973.0	-1
1788	895	764.0	-1
10	644	1014.0	-1
30	227	994.0	-1
270	578	754.0	-1
2037	696	1013.0	-1
54	444	970.0	-1
92	156	932.0	-1
246	519	778.0	-1
1907	853	883.0	-1
41	812	983.0	-1
27	698	997.0	-1
1830	200	806.0	-1
1871	566	847.0	-1
1880	1025	856.0	-1
1936	1137	912.0	-1
1848	268	824.0	-1
159	639	865.0	-1
1850	626	826.0	-1
199	1121	825.0	-1
201	352	823.0	-1
48	71	976.0	-1
2023	143	999.0	-1
158	397	866.0	-1
33	116	991.0	-1
131	495	893.0	-1
1882	1161	858.0	-1
1960	745	936.0	-1
159	754	865.0	-1
126	442	898.0	-1
1899	156	875.0	-1
20	214	1004.0	-1
1934	1128	910.0	-1
2018	155	994.0	-1
1862	1060	838.0	-1
109	1196	915.0	-1
124	71	900.0	-1
1900	154	876.0	-1
247	712	777.0	-1
1780	609	756.0	-1
1957	725	933.0	-1
114	281	910.0	-1
1987	69	963.0	-1
211	1100	813.0	-1
1907	657	883.0	-1
201	334	823.0	-1
105	211	919.0	-1
1817	697	793.0	-1
1899	628	875.0	-1
1864	141	840.0	-1
1874	726	850.0	-1
1833	348	809.0	-1
62	592	962.0	-1
211	1110	813.0	-1
2016	837	992.0	-1
1784	217	760.0	-1
117	141	907.0	-1
27	1027	997.0	-1
114	1080	910.0	-1
69	1061	955.0	-1
2017	620	993.0	-1
1948	1146	924.0	-1
1940	1135	916.0	-1
206	608	818.0	-1
1946	671	922.0	-1
1901	265	877.0	-1
1874	692	850.0	-1
244	512	780.0	-1
1895	600	871.0	-1
1845	764	821.0	-1
1962	53	938.0	-1
1935	458	911.0	-1
212	399	812.0	-1
224	565	800.0	-1
87	396	937.0	-1
2014	291	990.0	-1
1951	62	927.0	-1
88	990	936.0	-1
50	169	974.0	-1
62	843	962.0	-1
254	611	770.0	-1
1804	882	780.0	-1
177	513	847.0	-1
51	516	973.0	-1
2000	1183	976.0	-1
270	730	754.0	-1
1960	168	936.0	-1
2031	995	1007.0	-1
54	455	970.0	-1
2033	201	1009.0	-1
1933	383	909.0	-1
1944	139	920.0	-1
33	754	991.0	-1
165	432	859.0	-1
1890	343	866.0	-1
56	715	968.0	-1
1804	1046	780.0	-1
1916	1016	892.0	-1
1959	910	935.0	-1
1853	472	829.0	-1
195	996	829.0	-1
1916	819	892.0	-1
254	364	770.0	-1
1928	641	904.0	-1
223	507	801.0	-1
1941	641	917.0	-1
1994	1101	970.0	-1
1880	100	856.0	-1
230	576	794.0	-1
1823	1206	799.0	-1
179	1196	845.0	-1
213	885	811.0	-1
48	557	976.0	-1
1851	45	827.0	-1
250	117	774.0	-1
2001	2	977.0	-1
154	543	870.0	-1
49	1058	975.0	-1
1975	831	951.0	-1
18	894	1006.0	-1
137	234	887.0	-1
205	366	819.0	-1
2008	265	984.0	-1
2007	30	983.0	-1
46	1090	978.0	-1
45	1190	979.0	-1
1927	1170	903.0	-1
1801	1206	777.0	-1
126	993	898.0	-1
59	1197	965.0	-1
1921	1080	897.0	-1
84	48	940.0	-1
52	363	972.0	-1
196	243	828.0	-1
126	13	898.0	-1
1985	922	961.0	-1
52	251	972.0	-1
260	667	764.0	-1
1789	154	765.0	-1
169	367	855.0	-1
171	398	853.0	-1
2006	934	982.0	-1
1900	525	876.0	-1
1992	1014	968.0	-1
1922	1120	898.0	-1
1855	611	831.0	-1
1920	369	896.0	-1
61	147	963.0	-1
1806	1182	782.0	-1
1782	157	758.0	-1
177	153	847.0	-1
1902	407	878.0	-1
234	709	790.0	-1
1881	109	857.0	-1
239	349	785.0	-1
84	166	940.0	-1
1958	938	934.0	-1
151	1061	873.0	-1
1910	834	886.0	-1
64	258	960.0	-1
1949	757	925.0	-1
1957	583	933.0	-1
1959	1039	935.0	-1
65	857	959.0	-1
1825	830	801.0	-1
26	823	998.0	-1
198	468	826.0	-1
61	660	963.0	-1
1778	588	754.0	-1
85	438	939.0	-1
1919	345	895.0	-1
1834	1094	810.0	-1
2033	815	1009.0	-1
118	478	906.0	-1
3	522	1021.0	-1
2000	1067	976.0	-1
248	245	776.0	-1
1797	45	773.0	-1
2033	482	1009.0	-1
21	505	1003.0	-1
199	701	825.0	-1
1835	701	811.0	-1
1865	608	841.0	-1
1934	549	910.0	-1
1833	145	809.0	-1
65	477	959.0	-1
1810	15	786.0	-1
192	116	832.0	-1
1795	114	771.0	-1
122	379	902.0	-1
1913	947	889.0	-1
1882	1014	858.0	-1
193	1014	831.0	-1
190	1183	834.0	-1
2038	1156	1014.0	-1
170	362	854.0	-1
189	581	835.0	-1
135	970	889.0	-1
56	285	968.0	-1
158	752	866.0	-1
1876	380	852.0	-1
2036	147	1012.0	-1
1914	2	890.0	-1
1894	916	870.0	-1
75	113	949.0	-1
44	629	980.0	-1
219	426	805.0	-1
1892	347	868.0	-1
52	394	972.0	-1
1976	1089	952.0	-1
1990	476	966.0	-1
228	84	796.0	-1
2028	789	1004.0	-1
1836	352	812.0	-1
155	165	869.0	-1
263	551	761.0	-1
1810	724	786.0	-1
240	945	784.0	-1
260	198	764.0	-1
65	326	959.0	-1
149	702	875.0	-1
240	924	784.0	-1
2021	1128	997.0	-1
1977	996	953.0	-1
2016	1180	992.0	-1
166	98	858.0	-1
1906	519	882.0	-1
1844	792	820.0	-1
1951	518	927.0	-1
1931	566	907.0	-1
162	821	862.0	-1
2021	743	997.0	-1
1806	132	782.0	-1
34	498	990.0	-1
168	981	856.0	-1
2018	874	994.0	-1
1990	892	966.0	-1
1	593	1023.0	-1
1825	645	801.0	-1
1958	1147	934.0	-1
2029	1010	1005.0	-1
145	1205	879.0	-1
1956	953	932.0	-1
1835	475	811.0	-1
38	1020	986.0	-1
1991	138	967.0	-1
1805	351	781.0	-1
2011	954	987.0	-1
2032	686	1008.0	-1
87	142	937.0	-1
98	839	926.0	-1
2013	930	989.0	-1
1827	291	803.0	-1
260	898	764.0	-1
1991	1165	967.0	-1
205	192	819.0	-1
125	1157	899.0	-1
4	881	1020.0	-1
92	448	932.0	-1
1779	28	755.0	-1
1912	579	888.0	-1
4	247	1020.0	-1
1884	332	860.0	-1
212	549	812.0	-1
1982	346	958.0	-1
260	179	764.0	-1
41	647	983.0	-1
102	497	922.0	-1
1858	543	834.0	-1
8	847	1016.0	-1
199	1125	825.0	-1
1912	86	888.0	-1
1907	707	883.0	-1
1816	174	792.0	-1
47	557	977.0	-1
186	513	838.0	-1
1915	585	891.0	-1
1849	21	825.0	-1
1778	1212	754.0	-1
1819	327	795.0	-1
1870	626	846.0	-1
1775	1126	751.0	-1
1795	229	771.0	-1
1957	77	933.0	-1
1876	150	852.0	-1
104	1114	920.0	-1
229	1035	795.0	-1
20	746	1004.0	-1
1798	209	774.0	-1
220	32	804.0	-1
2010	618	986.0	-1
1897	291	873.0	-1
37	583	987.0	-1
1915	842	891.0	-1
1918	403	894.0	-1
2016	558	992.0	-1
1837	138	813.0	-1
218	408	806.0	-1
1954	698	930.0	-1
145	957	879.0	-1
1801	840	777.0	-1
1935	654	911.0	-1
140	149	884.0	-1
138	542	886.0	-1
1899	127	875.0	-1
1796	445	772.0	-1
180	794	844.0	-1
1983	997	959.0	-1
1979	976	955.0	-1
1833	343	809.0	-1
1878	921	854.0	-1
66	879	958.0	-1
1984	1204	960.0	-1
98	518	926.0	-1
1796	429	772.0	-1
1909	594	885.0	-1
1827	1037	803.0	-1
1813	967	789.0	-1
120	825	904.0	-1
1979	118	955.0	-1
1819	1097	795.0	-1
5	1213	1019.0	-1
261	1129	763.0	-1
2021	229	997.0	-1
219	592	805.0	-1
1927	411	903.0	-1
2021	689	997.0	-1
162	886	862.0	-1
1820	984	796.0	-1
242	993	782.0	-1
263	722	761.0	-1
201	7	823.0	-1
1918	757	894.0	-1
1987	172	963.0	-1
91	1128	933.0	-1
140	1126	884.0	-1
238	798	786.0	-1
1832	478	808.0	-1
1946	113	922.0	-1
218	240	806.0	-1
185	426	839.0	-1
72	175	952.0	-1
205	683	819.0	-1
1899	664	875.0	-1
37	1143	987.0	-1
1963	478	939.0	-1
13	918	1011.0	-1
180	1075	844.0	-1
1842	934	818.0	-1
126	580	898.0	-1
245	988	779.0	-1
1848	841	824.0	-1
2040	726	1016.0	-1
1999	181	975.0	-1
1869	429	845.0	-1
1996	291	972.0	-1
115	26	909.0	-1
1959	1056	935.0	-1
242	1047	782.0	-1
113	93	911.0	-1
9	149	1015.0	-1
1882	371	858.0	-1
71	521	953.0	-1
184	415	840.0	-1
1880	299	856.0	-1
255	632	769.0	-1
147	795	877.0	-1
177	520	847.0	-1
167	1207	857.0	-1
1906	1029	882.0	-1
1837	612	813.0	-1
139	419	885.0	-1
182	617	842.0	-1
1913	39	889.0	-1
83	300	941.0	-1
252	518	772.0	-1
1779	426	755.0	-1
1860	63	836.0	-1
1863	114	839.0	-1
2029	432	1005.0	-1
261	799	763.0	-1
1808	140	784.0	-1
1843	705	819.0	-1
259	995	765.0	-1
1843	1038	819.0	-1
1928	1212	904.0	-1
1799	391	775.0	-1
81	408	943.0	-1
155	760	869.0	-1
14	219	1010.0	-1
1953	4	929.0	-1
1967	722	943.0	-1
142	79	882.0	-1
1808	439	784.0	-1
1797	579	773.0	-1
231	405	793.0	-1
